== Frequent Itemsets ==
60 (3149)
40 (3170)
36 (3099)
58 (3195)
56 (3021)
48 (3013)
62 (3060)
34 (3040)
66 (3021)
29 (3181)
7 (3076)
52 (3185)
29 36 (3084)
29 62 (3045)
40 52 (3159)
66 29 (3013)
58 60 (3148)
29 60 (3136)
66 60 (3021)
58 52 (3184)
29 52 (3170)
58 62 (3060)
29 56 (3006)
48 52 (3002)
7 40 (3050)
60 52 (3138)
58 66 (3020)
58 40 (3169)
40 29 (3155)
56 52 (3016)
58 29 (3180)
40 60 (3124)
58 56 (3020)
7 60 (3031)
66 52 (3010)
34 29 (3036)
58 48 (3012)
52 62 (3049)
7 29 (3069)
58 7 (3075)
7 52 (3065)
34 52 (3031)
60 62 (3014)
58 34 (3039)
40 36 (3073)
36 52 (3088)
34 40 (3017)
58 36 (3098)
40 62 (3045)
60 36 (3052)
29 60 62 (3001)
7 60 52 (3020)
40 60 52 (3113)
58 56 52 (3015)
58 40 36 (3072)
58 29 52 (3169)
29 60 40 (3111)
58 29 56 (3005)
58 40 60 (3123)
40 29 52 (3144)
58 40 52 (3158)
58 66 52 (3009)
7 40 52 (3039)
29 40 62 (3030)
58 60 36 (3051)
58 66 60 (3020)
58 62 52 (3049)
29 56 52 (3001)
58 7 29 (3068)
66 60 52 (3010)
29 60 52 (3125)
58 60 52 (3137)
66 29 52 (3002)
58 29 60 (3135)
29 36 52 (3073)
66 60 29 (3013)
52 29 62 (3034)
58 34 40 (3016)
58 7 40 (3049)
60 36 52 (3041)
40 62 52 (3034)
7 40 29 (3043)
58 40 29 (3154)
58 40 62 (3045)
58 36 52 (3087)
34 40 52 (3008)
7 40 60 (3006)
34 40 29 (3013)
58 29 36 (3083)
40 36 52 (3062)
58 7 60 (3030)
58 34 52 (3030)
7 29 60 (3024)
60 62 52 (3003)
58 34 29 (3035)
29 40 36 (3058)
58 60 62 (3014)
58 29 62 (3045)
58 7 52 (3064)
40 60 36 (3027)
7 29 52 (3058)
58 48 52 (3001)
58 66 29 (3012)
34 29 52 (3027)
29 60 36 (3039)
40 58 29 52 (3143)
60 58 40 52 (3112)
58 34 29 52 (3026)
66 58 29 52 (3001)
66 60 58 52 (3009)
66 60 29 52 (3002)
36 40 29 52 (3047)
60 62 58 52 (3003)
7 60 58 29 (3023)
58 40 36 52 (3061)
7 58 40 52 (3038)
40 62 58 29 (3030)
58 34 40 52 (3007)
7 60 58 40 (3005)
34 40 29 52 (3004)
60 40 58 29 (3110)
62 58 40 52 (3034)
7 40 58 29 (3042)
60 29 36 52 (3028)
62 40 29 52 (3019)
60 58 36 52 (3040)
60 62 58 29 (3001)
7 60 58 52 (3019)
60 40 29 52 (3100)
7 40 29 52 (3032)
60 58 29 36 (3038)
62 58 29 52 (3034)
60 40 36 52 (3016)
66 60 58 29 (3012)
58 29 36 52 (3072)
7 58 29 52 (3057)
60 40 29 36 (3014)
60 58 40 36 (3026)
60 58 29 52 (3124)
7 60 29 52 (3013)
29 58 40 36 (3057)
58 29 56 52 (3000)
58 34 40 29 (3012)
60 40 36 58 29 (3013)
60 40 36 58 52 (3015)
60 40 36 29 52 (3003)
60 66 58 29 52 (3001)
60 40 58 29 52 (3099)
40 36 58 29 52 (3046)
40 7 58 29 52 (3031)
40 62 58 29 52 (3019)
60 36 58 29 52 (3027)
34 40 58 29 52 (3003)
60 7 58 29 52 (3012)
60 40 36 58 29 52 (3002)

== Confident Association Rules ==
29 => 36 (conf: 0.97)
36 => 29 (conf: 1.00)
29 => 62 (conf: 0.96)
62 => 29 (conf: 1.00)
40 => 52 (conf: 1.00)
52 => 40 (conf: 0.99)
66 => 29 (conf: 1.00)
29 => 66 (conf: 0.95)
58 => 60 (conf: 0.99)
60 => 58 (conf: 1.00)
29 => 60 (conf: 0.99)
60 => 29 (conf: 1.00)
66 => 60 (conf: 1.00)
60 => 66 (conf: 0.96)
58 => 52 (conf: 1.00)
52 => 58 (conf: 1.00)
29 => 52 (conf: 1.00)
52 => 29 (conf: 1.00)
58 => 62 (conf: 0.96)
62 => 58 (conf: 1.00)
29 => 56 (conf: 0.94)
56 => 29 (conf: 1.00)
48 => 52 (conf: 1.00)
52 => 48 (conf: 0.94)
7 => 40 (conf: 0.99)
40 => 7 (conf: 0.96)
60 => 52 (conf: 1.00)
52 => 60 (conf: 0.99)
58 => 66 (conf: 0.95)
66 => 58 (conf: 1.00)
58 => 40 (conf: 0.99)
40 => 58 (conf: 1.00)
40 => 29 (conf: 1.00)
29 => 40 (conf: 0.99)
56 => 52 (conf: 1.00)
52 => 56 (conf: 0.95)
58 => 29 (conf: 1.00)
29 => 58 (conf: 1.00)
40 => 60 (conf: 0.99)
60 => 40 (conf: 0.99)
58 => 56 (conf: 0.95)
56 => 58 (conf: 1.00)
7 => 60 (conf: 0.99)
60 => 7 (conf: 0.96)
66 => 52 (conf: 1.00)
52 => 66 (conf: 0.95)
34 => 29 (conf: 1.00)
29 => 34 (conf: 0.95)
58 => 48 (conf: 0.94)
48 => 58 (conf: 1.00)
52 => 62 (conf: 0.96)
62 => 52 (conf: 1.00)
7 => 29 (conf: 1.00)
29 => 7 (conf: 0.96)
58 => 7 (conf: 0.96)
7 => 58 (conf: 1.00)
7 => 52 (conf: 1.00)
52 => 7 (conf: 0.96)
34 => 52 (conf: 1.00)
52 => 34 (conf: 0.95)
60 => 62 (conf: 0.96)
62 => 60 (conf: 0.98)
58 => 34 (conf: 0.95)
34 => 58 (conf: 1.00)
40 => 36 (conf: 0.97)
36 => 40 (conf: 0.99)
36 => 52 (conf: 1.00)
52 => 36 (conf: 0.97)
34 => 40 (conf: 0.99)
40 => 34 (conf: 0.95)
58 => 36 (conf: 0.97)
36 => 58 (conf: 1.00)
40 => 62 (conf: 0.96)
62 => 40 (conf: 1.00)
60 => 36 (conf: 0.97)
36 => 60 (conf: 0.98)
29 => 60 62 (conf: 0.94)
60 => 29 62 (conf: 0.95)
62 => 29 60 (conf: 0.98)
29 60 => 62 (conf: 0.96)
29 62 => 60 (conf: 0.99)
60 62 => 29 (conf: 1.00)
7 => 60 52 (conf: 0.98)
60 => 7 52 (conf: 0.96)
52 => 7 60 (conf: 0.95)
7 60 => 52 (conf: 1.00)
7 52 => 60 (conf: 0.99)
60 52 => 7 (conf: 0.96)
40 => 60 52 (conf: 0.98)
60 => 40 52 (conf: 0.99)
52 => 40 60 (conf: 0.98)
40 60 => 52 (conf: 1.00)
40 52 => 60 (conf: 0.99)
60 52 => 40 (conf: 0.99)
58 => 56 52 (conf: 0.94)
56 => 58 52 (conf: 1.00)
52 => 58 56 (conf: 0.95)
58 56 => 52 (conf: 1.00)
58 52 => 56 (conf: 0.95)
56 52 => 58 (conf: 1.00)
58 => 40 36 (conf: 0.96)
40 => 58 36 (conf: 0.97)
36 => 58 40 (conf: 0.99)
58 40 => 36 (conf: 0.97)
58 36 => 40 (conf: 0.99)
40 36 => 58 (conf: 1.00)
58 => 29 52 (conf: 0.99)
29 => 58 52 (conf: 1.00)
52 => 58 29 (conf: 0.99)
58 29 => 52 (conf: 1.00)
58 52 => 29 (conf: 1.00)
29 52 => 58 (conf: 1.00)
29 => 40 60 (conf: 0.98)
60 => 29 40 (conf: 0.99)
40 => 29 60 (conf: 0.98)
29 60 => 40 (conf: 0.99)
29 40 => 60 (conf: 0.99)
60 40 => 29 (conf: 1.00)
58 => 29 56 (conf: 0.94)
29 => 58 56 (conf: 0.94)
56 => 58 29 (conf: 0.99)
58 29 => 56 (conf: 0.94)
58 56 => 29 (conf: 1.00)
29 56 => 58 (conf: 1.00)
58 => 40 60 (conf: 0.98)
40 => 58 60 (conf: 0.99)
60 => 58 40 (conf: 0.99)
58 40 => 60 (conf: 0.99)
58 60 => 40 (conf: 0.99)
40 60 => 58 (conf: 1.00)
40 => 29 52 (conf: 0.99)
29 => 40 52 (conf: 0.99)
52 => 40 29 (conf: 0.99)
40 29 => 52 (conf: 1.00)
40 52 => 29 (conf: 1.00)
29 52 => 40 (conf: 0.99)
58 => 40 52 (conf: 0.99)
40 => 58 52 (conf: 1.00)
52 => 58 40 (conf: 0.99)
58 40 => 52 (conf: 1.00)
58 52 => 40 (conf: 0.99)
40 52 => 58 (conf: 1.00)
58 => 66 52 (conf: 0.94)
66 => 58 52 (conf: 1.00)
52 => 58 66 (conf: 0.94)
58 66 => 52 (conf: 1.00)
58 52 => 66 (conf: 0.95)
66 52 => 58 (conf: 1.00)
7 => 40 52 (conf: 0.99)
40 => 7 52 (conf: 0.96)
52 => 7 40 (conf: 0.95)
7 40 => 52 (conf: 1.00)
7 52 => 40 (conf: 0.99)
40 52 => 7 (conf: 0.96)
29 => 40 62 (conf: 0.95)
40 => 29 62 (conf: 0.96)
62 => 29 40 (conf: 0.99)
29 40 => 62 (conf: 0.96)
29 62 => 40 (conf: 1.00)
40 62 => 29 (conf: 1.00)
58 => 60 36 (conf: 0.95)
60 => 58 36 (conf: 0.97)
36 => 58 60 (conf: 0.98)
58 60 => 36 (conf: 0.97)
58 36 => 60 (conf: 0.98)
60 36 => 58 (conf: 1.00)
58 => 66 60 (conf: 0.95)
66 => 58 60 (conf: 1.00)
60 => 58 66 (conf: 0.96)
58 66 => 60 (conf: 1.00)
58 60 => 66 (conf: 0.96)
66 60 => 58 (conf: 1.00)
58 => 52 62 (conf: 0.95)
62 => 58 52 (conf: 1.00)
52 => 58 62 (conf: 0.96)
58 62 => 52 (conf: 1.00)
58 52 => 62 (conf: 0.96)
62 52 => 58 (conf: 1.00)
29 => 56 52 (conf: 0.94)
56 => 29 52 (conf: 0.99)
52 => 29 56 (conf: 0.94)
29 56 => 52 (conf: 1.00)
29 52 => 56 (conf: 0.95)
56 52 => 29 (conf: 1.00)
58 => 7 29 (conf: 0.96)
7 => 58 29 (conf: 1.00)
29 => 58 7 (conf: 0.96)
58 7 => 29 (conf: 1.00)
58 29 => 7 (conf: 0.96)
7 29 => 58 (conf: 1.00)
66 => 60 52 (conf: 1.00)
60 => 66 52 (conf: 0.96)
52 => 66 60 (conf: 0.95)
66 60 => 52 (conf: 1.00)
66 52 => 60 (conf: 1.00)
60 52 => 66 (conf: 0.96)
29 => 60 52 (conf: 0.98)
60 => 29 52 (conf: 0.99)
52 => 29 60 (conf: 0.98)
29 60 => 52 (conf: 1.00)
29 52 => 60 (conf: 0.99)
60 52 => 29 (conf: 1.00)
58 => 60 52 (conf: 0.98)
60 => 58 52 (conf: 1.00)
52 => 58 60 (conf: 0.98)
58 60 => 52 (conf: 1.00)
58 52 => 60 (conf: 0.99)
60 52 => 58 (conf: 1.00)
66 => 29 52 (conf: 0.99)
29 => 66 52 (conf: 0.94)
52 => 66 29 (conf: 0.94)
66 29 => 52 (conf: 1.00)
66 52 => 29 (conf: 1.00)
29 52 => 66 (conf: 0.95)
58 => 29 60 (conf: 0.98)
29 => 58 60 (conf: 0.99)
60 => 58 29 (conf: 1.00)
58 29 => 60 (conf: 0.99)
58 60 => 29 (conf: 1.00)
29 60 => 58 (conf: 1.00)
29 => 36 52 (conf: 0.97)
36 => 29 52 (conf: 0.99)
52 => 29 36 (conf: 0.96)
29 36 => 52 (conf: 1.00)
29 52 => 36 (conf: 0.97)
36 52 => 29 (conf: 1.00)
66 => 29 60 (conf: 1.00)
60 => 66 29 (conf: 0.96)
29 => 66 60 (conf: 0.95)
66 60 => 29 (conf: 1.00)
66 29 => 60 (conf: 1.00)
60 29 => 66 (conf: 0.96)
52 => 29 62 (conf: 0.95)
29 => 62 52 (conf: 0.95)
62 => 29 52 (conf: 0.99)
52 29 => 62 (conf: 0.96)
52 62 => 29 (conf: 1.00)
29 62 => 52 (conf: 1.00)
58 => 34 40 (conf: 0.94)
34 => 58 40 (conf: 0.99)
40 => 58 34 (conf: 0.95)
58 34 => 40 (conf: 0.99)
58 40 => 34 (conf: 0.95)
34 40 => 58 (conf: 1.00)
58 => 7 40 (conf: 0.95)
7 => 58 40 (conf: 0.99)
40 => 58 7 (conf: 0.96)
58 7 => 40 (conf: 0.99)
58 40 => 7 (conf: 0.96)
7 40 => 58 (conf: 1.00)
60 => 36 52 (conf: 0.97)
36 => 60 52 (conf: 0.98)
52 => 60 36 (conf: 0.95)
60 36 => 52 (conf: 1.00)
60 52 => 36 (conf: 0.97)
36 52 => 60 (conf: 0.98)
40 => 52 62 (conf: 0.96)
62 => 40 52 (conf: 0.99)
52 => 40 62 (conf: 0.95)
40 62 => 52 (conf: 1.00)
40 52 => 62 (conf: 0.96)
62 52 => 40 (conf: 1.00)
7 => 40 29 (conf: 0.99)
40 => 7 29 (conf: 0.96)
29 => 7 40 (conf: 0.96)
7 40 => 29 (conf: 1.00)
7 29 => 40 (conf: 0.99)
40 29 => 7 (conf: 0.96)
58 => 40 29 (conf: 0.99)
40 => 58 29 (conf: 0.99)
29 => 58 40 (conf: 0.99)
58 40 => 29 (conf: 1.00)
58 29 => 40 (conf: 0.99)
40 29 => 58 (conf: 1.00)
58 => 40 62 (conf: 0.95)
40 => 58 62 (conf: 0.96)
62 => 58 40 (conf: 1.00)
58 40 => 62 (conf: 0.96)
58 62 => 40 (conf: 1.00)
40 62 => 58 (conf: 1.00)
58 => 36 52 (conf: 0.97)
36 => 58 52 (conf: 1.00)
52 => 58 36 (conf: 0.97)
58 36 => 52 (conf: 1.00)
58 52 => 36 (conf: 0.97)
36 52 => 58 (conf: 1.00)
34 => 40 52 (conf: 0.99)
40 => 34 52 (conf: 0.95)
52 => 34 40 (conf: 0.94)
34 40 => 52 (conf: 1.00)
34 52 => 40 (conf: 0.99)
40 52 => 34 (conf: 0.95)
7 => 40 60 (conf: 0.98)
40 => 7 60 (conf: 0.95)
60 => 7 40 (conf: 0.95)
7 40 => 60 (conf: 0.99)
7 60 => 40 (conf: 0.99)
40 60 => 7 (conf: 0.96)
34 => 40 29 (conf: 0.99)
40 => 34 29 (conf: 0.95)
29 => 34 40 (conf: 0.95)
34 40 => 29 (conf: 1.00)
34 29 => 40 (conf: 0.99)
40 29 => 34 (conf: 0.95)
58 => 29 36 (conf: 0.96)
29 => 58 36 (conf: 0.97)
36 => 58 29 (conf: 0.99)
58 29 => 36 (conf: 0.97)
58 36 => 29 (conf: 1.00)
29 36 => 58 (conf: 1.00)
40 => 36 52 (conf: 0.97)
36 => 40 52 (conf: 0.99)
52 => 40 36 (conf: 0.96)
40 36 => 52 (conf: 1.00)
40 52 => 36 (conf: 0.97)
36 52 => 40 (conf: 0.99)
58 => 7 60 (conf: 0.95)
7 => 58 60 (conf: 0.99)
60 => 58 7 (conf: 0.96)
58 7 => 60 (conf: 0.99)
58 60 => 7 (conf: 0.96)
7 60 => 58 (conf: 1.00)
58 => 34 52 (conf: 0.95)
34 => 58 52 (conf: 1.00)
52 => 58 34 (conf: 0.95)
58 34 => 52 (conf: 1.00)
58 52 => 34 (conf: 0.95)
34 52 => 58 (conf: 1.00)
7 => 29 60 (conf: 0.98)
29 => 7 60 (conf: 0.95)
60 => 7 29 (conf: 0.96)
7 29 => 60 (conf: 0.99)
7 60 => 29 (conf: 1.00)
29 60 => 7 (conf: 0.96)
60 => 52 62 (conf: 0.95)
62 => 60 52 (conf: 0.98)
52 => 60 62 (conf: 0.94)
60 62 => 52 (conf: 1.00)
60 52 => 62 (conf: 0.96)
62 52 => 60 (conf: 0.98)
58 => 34 29 (conf: 0.95)
34 => 58 29 (conf: 1.00)
29 => 58 34 (conf: 0.95)
58 34 => 29 (conf: 1.00)
58 29 => 34 (conf: 0.95)
34 29 => 58 (conf: 1.00)
29 => 40 36 (conf: 0.96)
40 => 29 36 (conf: 0.96)
36 => 29 40 (conf: 0.99)
29 40 => 36 (conf: 0.97)
29 36 => 40 (conf: 0.99)
40 36 => 29 (conf: 1.00)
58 => 60 62 (conf: 0.94)
60 => 58 62 (conf: 0.96)
62 => 58 60 (conf: 0.98)
58 60 => 62 (conf: 0.96)
58 62 => 60 (conf: 0.98)
60 62 => 58 (conf: 1.00)
58 => 29 62 (conf: 0.95)
29 => 58 62 (conf: 0.96)
62 => 58 29 (conf: 1.00)
58 29 => 62 (conf: 0.96)
58 62 => 29 (conf: 1.00)
29 62 => 58 (conf: 1.00)
58 => 7 52 (conf: 0.96)
7 => 58 52 (conf: 1.00)
52 => 58 7 (conf: 0.96)
58 7 => 52 (conf: 1.00)
58 52 => 7 (conf: 0.96)
7 52 => 58 (conf: 1.00)
40 => 60 36 (conf: 0.95)
60 => 40 36 (conf: 0.96)
36 => 40 60 (conf: 0.98)
40 60 => 36 (conf: 0.97)
40 36 => 60 (conf: 0.99)
60 36 => 40 (conf: 0.99)
7 => 29 52 (conf: 0.99)
29 => 7 52 (conf: 0.96)
52 => 7 29 (conf: 0.96)
7 29 => 52 (conf: 1.00)
7 52 => 29 (conf: 1.00)
29 52 => 7 (conf: 0.96)
58 => 48 52 (conf: 0.94)
48 => 58 52 (conf: 1.00)
52 => 58 48 (conf: 0.94)
58 48 => 52 (conf: 1.00)
58 52 => 48 (conf: 0.94)
48 52 => 58 (conf: 1.00)
58 => 66 29 (conf: 0.94)
66 => 58 29 (conf: 1.00)
29 => 58 66 (conf: 0.95)
58 66 => 29 (conf: 1.00)
58 29 => 66 (conf: 0.95)
66 29 => 58 (conf: 1.00)
34 => 29 52 (conf: 1.00)
29 => 34 52 (conf: 0.95)
52 => 34 29 (conf: 0.95)
34 29 => 52 (conf: 1.00)
34 52 => 29 (conf: 1.00)
29 52 => 34 (conf: 0.95)
29 => 60 36 (conf: 0.96)
60 => 29 36 (conf: 0.97)
36 => 29 60 (conf: 0.98)
29 60 => 36 (conf: 0.97)
29 36 => 60 (conf: 0.99)
60 36 => 29 (conf: 1.00)
40 => 58 29 52 (conf: 0.99)
58 => 40 29 52 (conf: 0.98)
29 => 58 40 52 (conf: 0.99)
52 => 58 40 29 (conf: 0.99)
40 58 => 29 52 (conf: 0.99)
40 29 => 58 52 (conf: 1.00)
40 52 => 58 29 (conf: 0.99)
58 29 => 40 52 (conf: 0.99)
58 52 => 40 29 (conf: 0.99)
29 52 => 58 40 (conf: 0.99)
40 58 29 => 52 (conf: 1.00)
40 58 52 => 29 (conf: 1.00)
40 29 52 => 58 (conf: 1.00)
58 29 52 => 40 (conf: 0.99)
60 => 58 40 52 (conf: 0.99)
58 => 40 60 52 (conf: 0.97)
40 => 58 60 52 (conf: 0.98)
52 => 58 40 60 (conf: 0.98)
60 58 => 40 52 (conf: 0.99)
60 40 => 58 52 (conf: 1.00)
60 52 => 58 40 (conf: 0.99)
58 40 => 60 52 (conf: 0.98)
58 52 => 40 60 (conf: 0.98)
40 52 => 58 60 (conf: 0.99)
60 58 40 => 52 (conf: 1.00)
60 58 52 => 40 (conf: 0.99)
60 40 52 => 58 (conf: 1.00)
58 40 52 => 60 (conf: 0.99)
58 => 34 29 52 (conf: 0.95)
34 => 58 29 52 (conf: 1.00)
29 => 58 34 52 (conf: 0.95)
52 => 58 34 29 (conf: 0.95)
58 34 => 29 52 (conf: 1.00)
58 29 => 34 52 (conf: 0.95)
58 52 => 34 29 (conf: 0.95)
34 29 => 58 52 (conf: 1.00)
34 52 => 58 29 (conf: 1.00)
29 52 => 58 34 (conf: 0.95)
58 34 29 => 52 (conf: 1.00)
58 34 52 => 29 (conf: 1.00)
58 29 52 => 34 (conf: 0.95)
34 29 52 => 58 (conf: 1.00)
66 => 58 29 52 (conf: 0.99)
58 => 66 29 52 (conf: 0.94)
29 => 58 66 52 (conf: 0.94)
52 => 58 66 29 (conf: 0.94)
66 58 => 29 52 (conf: 0.99)
66 29 => 58 52 (conf: 1.00)
66 52 => 58 29 (conf: 1.00)
58 29 => 66 52 (conf: 0.94)
58 52 => 66 29 (conf: 0.94)
29 52 => 58 66 (conf: 0.95)
66 58 29 => 52 (conf: 1.00)
66 58 52 => 29 (conf: 1.00)
66 29 52 => 58 (conf: 1.00)
58 29 52 => 66 (conf: 0.95)
66 => 58 60 52 (conf: 1.00)
60 => 58 66 52 (conf: 0.96)
58 => 66 60 52 (conf: 0.94)
52 => 58 66 60 (conf: 0.94)
66 60 => 58 52 (conf: 1.00)
66 58 => 60 52 (conf: 1.00)
66 52 => 58 60 (conf: 1.00)
60 58 => 66 52 (conf: 0.96)
60 52 => 58 66 (conf: 0.96)
58 52 => 66 60 (conf: 0.95)
66 60 58 => 52 (conf: 1.00)
66 60 52 => 58 (conf: 1.00)
66 58 52 => 60 (conf: 1.00)
60 58 52 => 66 (conf: 0.96)
66 => 29 60 52 (conf: 0.99)
60 => 66 29 52 (conf: 0.95)
29 => 66 60 52 (conf: 0.94)
52 => 66 60 29 (conf: 0.94)
66 60 => 29 52 (conf: 0.99)
66 29 => 60 52 (conf: 1.00)
66 52 => 29 60 (conf: 1.00)
60 29 => 66 52 (conf: 0.96)
60 52 => 66 29 (conf: 0.96)
29 52 => 66 60 (conf: 0.95)
66 60 29 => 52 (conf: 1.00)
66 60 52 => 29 (conf: 1.00)
66 29 52 => 60 (conf: 1.00)
60 29 52 => 66 (conf: 0.96)
36 => 40 29 52 (conf: 0.98)
40 => 29 36 52 (conf: 0.96)
29 => 40 36 52 (conf: 0.96)
52 => 40 36 29 (conf: 0.96)
36 40 => 29 52 (conf: 0.99)
36 29 => 40 52 (conf: 0.99)
36 52 => 40 29 (conf: 0.99)
40 29 => 36 52 (conf: 0.97)
40 52 => 29 36 (conf: 0.96)
29 52 => 40 36 (conf: 0.96)
36 40 29 => 52 (conf: 1.00)
36 40 52 => 29 (conf: 1.00)
36 29 52 => 40 (conf: 0.99)
40 29 52 => 36 (conf: 0.97)
60 => 58 62 52 (conf: 0.95)
62 => 58 60 52 (conf: 0.98)
58 => 60 62 52 (conf: 0.94)
52 => 58 60 62 (conf: 0.94)
60 62 => 58 52 (conf: 1.00)
60 58 => 62 52 (conf: 0.95)
60 52 => 58 62 (conf: 0.96)
62 58 => 60 52 (conf: 0.98)
62 52 => 58 60 (conf: 0.98)
58 52 => 60 62 (conf: 0.94)
60 62 58 => 52 (conf: 1.00)
60 62 52 => 58 (conf: 1.00)
60 58 52 => 62 (conf: 0.96)
62 58 52 => 60 (conf: 0.98)
7 => 58 29 60 (conf: 0.98)
60 => 58 7 29 (conf: 0.96)
58 => 7 29 60 (conf: 0.95)
29 => 58 7 60 (conf: 0.95)
7 60 => 58 29 (conf: 1.00)
7 58 => 29 60 (conf: 0.98)
7 29 => 58 60 (conf: 0.99)
60 58 => 7 29 (conf: 0.96)
60 29 => 58 7 (conf: 0.96)
58 29 => 7 60 (conf: 0.95)
7 60 58 => 29 (conf: 1.00)
7 60 29 => 58 (conf: 1.00)
7 58 29 => 60 (conf: 0.99)
60 58 29 => 7 (conf: 0.96)
58 => 40 36 52 (conf: 0.96)
40 => 58 36 52 (conf: 0.97)
36 => 58 40 52 (conf: 0.99)
52 => 58 40 36 (conf: 0.96)
58 40 => 36 52 (conf: 0.97)
58 36 => 40 52 (conf: 0.99)
58 52 => 40 36 (conf: 0.96)
40 36 => 58 52 (conf: 1.00)
40 52 => 58 36 (conf: 0.97)
36 52 => 58 40 (conf: 0.99)
58 40 36 => 52 (conf: 1.00)
58 40 52 => 36 (conf: 0.97)
58 36 52 => 40 (conf: 0.99)
40 36 52 => 58 (conf: 1.00)
7 => 58 40 52 (conf: 0.99)
58 => 7 40 52 (conf: 0.95)
40 => 58 7 52 (conf: 0.96)
52 => 58 7 40 (conf: 0.95)
7 58 => 40 52 (conf: 0.99)
7 40 => 58 52 (conf: 1.00)
7 52 => 58 40 (conf: 0.99)
58 40 => 7 52 (conf: 0.96)
58 52 => 7 40 (conf: 0.95)
40 52 => 58 7 (conf: 0.96)
7 58 40 => 52 (conf: 1.00)
7 58 52 => 40 (conf: 0.99)
7 40 52 => 58 (conf: 1.00)
58 40 52 => 7 (conf: 0.96)
40 => 58 29 62 (conf: 0.96)
62 => 58 40 29 (conf: 0.99)
58 => 40 29 62 (conf: 0.95)
29 => 58 40 62 (conf: 0.95)
40 62 => 58 29 (conf: 1.00)
40 58 => 29 62 (conf: 0.96)
40 29 => 58 62 (conf: 0.96)
62 58 => 40 29 (conf: 0.99)
62 29 => 58 40 (conf: 1.00)
58 29 => 40 62 (conf: 0.95)
40 62 58 => 29 (conf: 1.00)
40 62 29 => 58 (conf: 1.00)
40 58 29 => 62 (conf: 0.96)
62 58 29 => 40 (conf: 1.00)
58 => 34 40 52 (conf: 0.94)
34 => 58 40 52 (conf: 0.99)
40 => 58 34 52 (conf: 0.95)
52 => 58 34 40 (conf: 0.94)
58 34 => 40 52 (conf: 0.99)
58 40 => 34 52 (conf: 0.95)
58 52 => 34 40 (conf: 0.94)
34 40 => 58 52 (conf: 1.00)
34 52 => 58 40 (conf: 0.99)
40 52 => 58 34 (conf: 0.95)
58 34 40 => 52 (conf: 1.00)
58 34 52 => 40 (conf: 0.99)
58 40 52 => 34 (conf: 0.95)
34 40 52 => 58 (conf: 1.00)
7 => 58 40 60 (conf: 0.98)
60 => 58 7 40 (conf: 0.95)
58 => 7 40 60 (conf: 0.94)
40 => 58 7 60 (conf: 0.95)
7 60 => 58 40 (conf: 0.99)
7 58 => 40 60 (conf: 0.98)
7 40 => 58 60 (conf: 0.99)
60 58 => 7 40 (conf: 0.95)
60 40 => 58 7 (conf: 0.96)
58 40 => 7 60 (conf: 0.95)
7 60 58 => 40 (conf: 0.99)
7 60 40 => 58 (conf: 1.00)
7 58 40 => 60 (conf: 0.99)
60 58 40 => 7 (conf: 0.96)
34 => 40 29 52 (conf: 0.99)
40 => 34 29 52 (conf: 0.95)
29 => 34 40 52 (conf: 0.94)
52 => 34 40 29 (conf: 0.94)
34 40 => 29 52 (conf: 1.00)
34 29 => 40 52 (conf: 0.99)
34 52 => 40 29 (conf: 0.99)
40 29 => 34 52 (conf: 0.95)
40 52 => 34 29 (conf: 0.95)
29 52 => 34 40 (conf: 0.95)
34 40 29 => 52 (conf: 1.00)
34 40 52 => 29 (conf: 1.00)
34 29 52 => 40 (conf: 0.99)
40 29 52 => 34 (conf: 0.96)
60 => 58 40 29 (conf: 0.99)
40 => 58 29 60 (conf: 0.98)
58 => 40 60 29 (conf: 0.97)
29 => 58 40 60 (conf: 0.98)
60 40 => 58 29 (conf: 1.00)
60 58 => 40 29 (conf: 0.99)
60 29 => 58 40 (conf: 0.99)
40 58 => 29 60 (conf: 0.98)
40 29 => 58 60 (conf: 0.99)
58 29 => 40 60 (conf: 0.98)
60 40 58 => 29 (conf: 1.00)
60 40 29 => 58 (conf: 1.00)
60 58 29 => 40 (conf: 0.99)
40 58 29 => 60 (conf: 0.99)
62 => 58 40 52 (conf: 0.99)
58 => 40 62 52 (conf: 0.95)
40 => 58 62 52 (conf: 0.96)
52 => 58 40 62 (conf: 0.95)
62 58 => 40 52 (conf: 0.99)
62 40 => 58 52 (conf: 1.00)
62 52 => 58 40 (conf: 1.00)
58 40 => 62 52 (conf: 0.96)
58 52 => 40 62 (conf: 0.95)
40 52 => 58 62 (conf: 0.96)
62 58 40 => 52 (conf: 1.00)
62 58 52 => 40 (conf: 1.00)
62 40 52 => 58 (conf: 1.00)
58 40 52 => 62 (conf: 0.96)
7 => 58 40 29 (conf: 0.99)
40 => 58 7 29 (conf: 0.96)
58 => 7 40 29 (conf: 0.95)
29 => 58 7 40 (conf: 0.96)
7 40 => 58 29 (conf: 1.00)
7 58 => 40 29 (conf: 0.99)
7 29 => 58 40 (conf: 0.99)
40 58 => 7 29 (conf: 0.96)
40 29 => 58 7 (conf: 0.96)
58 29 => 7 40 (conf: 0.96)
7 40 58 => 29 (conf: 1.00)
7 40 29 => 58 (conf: 1.00)
7 58 29 => 40 (conf: 0.99)
40 58 29 => 7 (conf: 0.96)
60 => 29 36 52 (conf: 0.96)
29 => 60 36 52 (conf: 0.95)
36 => 29 60 52 (conf: 0.98)
52 => 29 60 36 (conf: 0.95)
60 29 => 36 52 (conf: 0.97)
60 36 => 29 52 (conf: 0.99)
60 52 => 29 36 (conf: 0.96)
29 36 => 60 52 (conf: 0.98)
29 52 => 60 36 (conf: 0.96)
36 52 => 29 60 (conf: 0.98)
60 29 36 => 52 (conf: 1.00)
60 29 52 => 36 (conf: 0.97)
60 36 52 => 29 (conf: 1.00)
29 36 52 => 60 (conf: 0.99)
62 => 40 29 52 (conf: 0.99)
40 => 29 62 52 (conf: 0.95)
29 => 40 62 52 (conf: 0.95)
52 => 40 29 62 (conf: 0.95)
62 40 => 29 52 (conf: 0.99)
62 29 => 40 52 (conf: 0.99)
62 52 => 40 29 (conf: 0.99)
40 29 => 62 52 (conf: 0.96)
40 52 => 29 62 (conf: 0.96)
29 52 => 40 62 (conf: 0.95)
62 40 29 => 52 (conf: 1.00)
62 40 52 => 29 (conf: 1.00)
62 29 52 => 40 (conf: 1.00)
40 29 52 => 62 (conf: 0.96)
60 => 58 36 52 (conf: 0.97)
58 => 60 36 52 (conf: 0.95)
36 => 58 60 52 (conf: 0.98)
52 => 58 60 36 (conf: 0.95)
60 58 => 36 52 (conf: 0.97)
60 36 => 58 52 (conf: 1.00)
60 52 => 58 36 (conf: 0.97)
58 36 => 60 52 (conf: 0.98)
58 52 => 60 36 (conf: 0.95)
36 52 => 58 60 (conf: 0.98)
60 58 36 => 52 (conf: 1.00)
60 58 52 => 36 (conf: 0.97)
60 36 52 => 58 (conf: 1.00)
58 36 52 => 60 (conf: 0.98)
60 => 58 29 62 (conf: 0.95)
62 => 58 29 60 (conf: 0.98)
58 => 29 60 62 (conf: 0.94)
29 => 58 60 62 (conf: 0.94)
60 62 => 58 29 (conf: 1.00)
60 58 => 29 62 (conf: 0.95)
60 29 => 58 62 (conf: 0.96)
62 58 => 29 60 (conf: 0.98)
62 29 => 58 60 (conf: 0.99)
58 29 => 60 62 (conf: 0.94)
60 62 58 => 29 (conf: 1.00)
60 62 29 => 58 (conf: 1.00)
60 58 29 => 62 (conf: 0.96)
62 58 29 => 60 (conf: 0.99)
7 => 58 60 52 (conf: 0.98)
60 => 58 7 52 (conf: 0.96)
58 => 7 60 52 (conf: 0.94)
52 => 58 7 60 (conf: 0.95)
7 60 => 58 52 (conf: 1.00)
7 58 => 60 52 (conf: 0.98)
7 52 => 58 60 (conf: 0.98)
60 58 => 7 52 (conf: 0.96)
60 52 => 58 7 (conf: 0.96)
58 52 => 7 60 (conf: 0.95)
7 60 58 => 52 (conf: 1.00)
7 60 52 => 58 (conf: 1.00)
7 58 52 => 60 (conf: 0.99)
60 58 52 => 7 (conf: 0.96)
60 => 40 29 52 (conf: 0.98)
40 => 29 60 52 (conf: 0.98)
29 => 40 60 52 (conf: 0.97)
52 => 40 60 29 (conf: 0.97)
60 40 => 29 52 (conf: 0.99)
60 29 => 40 52 (conf: 0.99)
60 52 => 40 29 (conf: 0.99)
40 29 => 60 52 (conf: 0.98)
40 52 => 29 60 (conf: 0.98)
29 52 => 40 60 (conf: 0.98)
60 40 29 => 52 (conf: 1.00)
60 40 52 => 29 (conf: 1.00)
60 29 52 => 40 (conf: 0.99)
40 29 52 => 60 (conf: 0.99)
7 => 40 29 52 (conf: 0.99)
40 => 7 29 52 (conf: 0.96)
29 => 7 40 52 (conf: 0.95)
52 => 7 40 29 (conf: 0.95)
7 40 => 29 52 (conf: 0.99)
7 29 => 40 52 (conf: 0.99)
7 52 => 40 29 (conf: 0.99)
40 29 => 7 52 (conf: 0.96)
40 52 => 7 29 (conf: 0.96)
29 52 => 7 40 (conf: 0.96)
7 40 29 => 52 (conf: 1.00)
7 40 52 => 29 (conf: 1.00)
7 29 52 => 40 (conf: 0.99)
40 29 52 => 7 (conf: 0.96)
60 => 58 29 36 (conf: 0.96)
58 => 29 60 36 (conf: 0.95)
29 => 58 60 36 (conf: 0.96)
36 => 58 29 60 (conf: 0.98)
60 58 => 29 36 (conf: 0.97)
60 29 => 58 36 (conf: 0.97)
60 36 => 58 29 (conf: 1.00)
58 29 => 60 36 (conf: 0.96)
58 36 => 29 60 (conf: 0.98)
29 36 => 58 60 (conf: 0.99)
60 58 29 => 36 (conf: 0.97)
60 58 36 => 29 (conf: 1.00)
60 29 36 => 58 (conf: 1.00)
58 29 36 => 60 (conf: 0.99)
62 => 58 29 52 (conf: 0.99)
58 => 29 62 52 (conf: 0.95)
29 => 58 62 52 (conf: 0.95)
52 => 58 29 62 (conf: 0.95)
62 58 => 29 52 (conf: 0.99)
62 29 => 58 52 (conf: 1.00)
62 52 => 58 29 (conf: 1.00)
58 29 => 62 52 (conf: 0.95)
58 52 => 29 62 (conf: 0.95)
29 52 => 58 62 (conf: 0.96)
62 58 29 => 52 (conf: 1.00)
62 58 52 => 29 (conf: 1.00)
62 29 52 => 58 (conf: 1.00)
58 29 52 => 62 (conf: 0.96)
60 => 40 36 52 (conf: 0.96)
40 => 60 36 52 (conf: 0.95)
36 => 40 60 52 (conf: 0.97)
52 => 40 60 36 (conf: 0.95)
60 40 => 36 52 (conf: 0.97)
60 36 => 40 52 (conf: 0.99)
60 52 => 40 36 (conf: 0.96)
40 36 => 60 52 (conf: 0.98)
40 52 => 60 36 (conf: 0.95)
36 52 => 40 60 (conf: 0.98)
60 40 36 => 52 (conf: 1.00)
60 40 52 => 36 (conf: 0.97)
60 36 52 => 40 (conf: 0.99)
40 36 52 => 60 (conf: 0.98)
66 => 58 29 60 (conf: 1.00)
60 => 58 66 29 (conf: 0.96)
58 => 66 60 29 (conf: 0.94)
29 => 58 66 60 (conf: 0.95)
66 60 => 58 29 (conf: 1.00)
66 58 => 29 60 (conf: 1.00)
66 29 => 58 60 (conf: 1.00)
60 58 => 66 29 (conf: 0.96)
60 29 => 58 66 (conf: 0.96)
58 29 => 66 60 (conf: 0.95)
66 60 58 => 29 (conf: 1.00)
66 60 29 => 58 (conf: 1.00)
66 58 29 => 60 (conf: 1.00)
60 58 29 => 66 (conf: 0.96)
58 => 29 36 52 (conf: 0.96)
29 => 58 36 52 (conf: 0.97)
36 => 58 29 52 (conf: 0.99)
52 => 58 29 36 (conf: 0.96)
58 29 => 36 52 (conf: 0.97)
58 36 => 29 52 (conf: 0.99)
58 52 => 29 36 (conf: 0.96)
29 36 => 58 52 (conf: 1.00)
29 52 => 58 36 (conf: 0.97)
36 52 => 58 29 (conf: 0.99)
58 29 36 => 52 (conf: 1.00)
58 29 52 => 36 (conf: 0.97)
58 36 52 => 29 (conf: 1.00)
29 36 52 => 58 (conf: 1.00)
7 => 58 29 52 (conf: 0.99)
58 => 7 29 52 (conf: 0.96)
29 => 58 7 52 (conf: 0.96)
52 => 58 7 29 (conf: 0.96)
7 58 => 29 52 (conf: 0.99)
7 29 => 58 52 (conf: 1.00)
7 52 => 58 29 (conf: 1.00)
58 29 => 7 52 (conf: 0.96)
58 52 => 7 29 (conf: 0.96)
29 52 => 58 7 (conf: 0.96)
7 58 29 => 52 (conf: 1.00)
7 58 52 => 29 (conf: 1.00)
7 29 52 => 58 (conf: 1.00)
58 29 52 => 7 (conf: 0.96)
60 => 40 36 29 (conf: 0.96)
40 => 29 60 36 (conf: 0.95)
29 => 40 60 36 (conf: 0.95)
36 => 40 60 29 (conf: 0.97)
60 40 => 29 36 (conf: 0.96)
60 29 => 40 36 (conf: 0.96)
60 36 => 40 29 (conf: 0.99)
40 29 => 60 36 (conf: 0.96)
40 36 => 29 60 (conf: 0.98)
29 36 => 40 60 (conf: 0.98)
60 40 29 => 36 (conf: 0.97)
60 40 36 => 29 (conf: 1.00)
60 29 36 => 40 (conf: 0.99)
40 29 36 => 60 (conf: 0.99)
60 => 58 40 36 (conf: 0.96)
58 => 40 60 36 (conf: 0.95)
40 => 58 60 36 (conf: 0.95)
36 => 58 40 60 (conf: 0.98)
60 58 => 40 36 (conf: 0.96)
60 40 => 58 36 (conf: 0.97)
60 36 => 58 40 (conf: 0.99)
58 40 => 60 36 (conf: 0.95)
58 36 => 40 60 (conf: 0.98)
40 36 => 58 60 (conf: 0.98)
60 58 40 => 36 (conf: 0.97)
60 58 36 => 40 (conf: 0.99)
60 40 36 => 58 (conf: 1.00)
58 40 36 => 60 (conf: 0.99)
60 => 58 29 52 (conf: 0.99)
58 => 29 60 52 (conf: 0.98)
29 => 58 60 52 (conf: 0.98)
52 => 58 29 60 (conf: 0.98)
60 58 => 29 52 (conf: 0.99)
60 29 => 58 52 (conf: 1.00)
60 52 => 58 29 (conf: 1.00)
58 29 => 60 52 (conf: 0.98)
58 52 => 29 60 (conf: 0.98)
29 52 => 58 60 (conf: 0.99)
60 58 29 => 52 (conf: 1.00)
60 58 52 => 29 (conf: 1.00)
60 29 52 => 58 (conf: 1.00)
58 29 52 => 60 (conf: 0.99)
7 => 29 60 52 (conf: 0.98)
60 => 7 29 52 (conf: 0.96)
29 => 7 60 52 (conf: 0.95)
52 => 7 29 60 (conf: 0.95)
7 60 => 29 52 (conf: 0.99)
7 29 => 60 52 (conf: 0.98)
7 52 => 29 60 (conf: 0.98)
60 29 => 7 52 (conf: 0.96)
60 52 => 7 29 (conf: 0.96)
29 52 => 7 60 (conf: 0.95)
7 60 29 => 52 (conf: 1.00)
7 60 52 => 29 (conf: 1.00)
7 29 52 => 60 (conf: 0.99)
60 29 52 => 7 (conf: 0.96)
29 => 58 40 36 (conf: 0.96)
58 => 29 40 36 (conf: 0.96)
40 => 58 29 36 (conf: 0.96)
36 => 58 29 40 (conf: 0.99)
29 58 => 40 36 (conf: 0.96)
29 40 => 58 36 (conf: 0.97)
29 36 => 58 40 (conf: 0.99)
58 40 => 29 36 (conf: 0.96)
58 36 => 29 40 (conf: 0.99)
40 36 => 58 29 (conf: 0.99)
29 58 40 => 36 (conf: 0.97)
29 58 36 => 40 (conf: 0.99)
29 40 36 => 58 (conf: 1.00)
58 40 36 => 29 (conf: 1.00)
58 => 29 56 52 (conf: 0.94)
29 => 58 56 52 (conf: 0.94)
56 => 58 29 52 (conf: 0.99)
52 => 58 29 56 (conf: 0.94)
58 29 => 56 52 (conf: 0.94)
58 56 => 29 52 (conf: 0.99)
58 52 => 29 56 (conf: 0.94)
29 56 => 58 52 (conf: 1.00)
29 52 => 58 56 (conf: 0.95)
56 52 => 58 29 (conf: 0.99)
58 29 56 => 52 (conf: 1.00)
58 29 52 => 56 (conf: 0.95)
58 56 52 => 29 (conf: 1.00)
29 56 52 => 58 (conf: 1.00)
58 => 34 40 29 (conf: 0.94)
34 => 58 40 29 (conf: 0.99)
40 => 58 34 29 (conf: 0.95)
29 => 58 34 40 (conf: 0.95)
58 34 => 40 29 (conf: 0.99)
58 40 => 34 29 (conf: 0.95)
58 29 => 34 40 (conf: 0.95)
34 40 => 58 29 (conf: 1.00)
34 29 => 58 40 (conf: 0.99)
40 29 => 58 34 (conf: 0.95)
58 34 40 => 29 (conf: 1.00)
58 34 29 => 40 (conf: 0.99)
58 40 29 => 34 (conf: 0.95)
34 40 29 => 58 (conf: 1.00)
60 => 58 29 40 36 (conf: 0.96)
40 => 58 29 60 36 (conf: 0.95)
36 => 58 29 60 40 (conf: 0.97)
58 => 36 29 60 40 (conf: 0.94)
29 => 58 40 60 36 (conf: 0.95)
60 40 => 58 29 36 (conf: 0.96)
60 36 => 58 29 40 (conf: 0.99)
60 58 => 29 40 36 (conf: 0.96)
60 29 => 58 40 36 (conf: 0.96)
40 36 => 58 29 60 (conf: 0.98)
40 58 => 29 60 36 (conf: 0.95)
40 29 => 58 60 36 (conf: 0.95)
36 58 => 29 60 40 (conf: 0.97)
36 29 => 58 40 60 (conf: 0.98)
58 29 => 40 60 36 (conf: 0.95)
60 40 36 => 58 29 (conf: 1.00)
60 40 58 => 29 36 (conf: 0.96)
60 40 29 => 58 36 (conf: 0.97)
60 36 58 => 29 40 (conf: 0.99)
60 36 29 => 58 40 (conf: 0.99)
60 58 29 => 40 36 (conf: 0.96)
40 36 58 => 29 60 (conf: 0.98)
40 36 29 => 58 60 (conf: 0.99)
40 58 29 => 60 36 (conf: 0.96)
36 58 29 => 40 60 (conf: 0.98)
60 40 36 58 => 29 (conf: 1.00)
60 40 36 29 => 58 (conf: 1.00)
60 40 58 29 => 36 (conf: 0.97)
60 36 58 29 => 40 (conf: 0.99)
40 36 58 29 => 60 (conf: 0.99)
60 => 58 40 36 52 (conf: 0.96)
40 => 58 60 36 52 (conf: 0.95)
36 => 58 40 60 52 (conf: 0.97)
58 => 40 60 36 52 (conf: 0.94)
52 => 58 40 60 36 (conf: 0.95)
60 40 => 58 36 52 (conf: 0.97)
60 36 => 58 40 52 (conf: 0.99)
60 58 => 40 36 52 (conf: 0.96)
60 52 => 58 40 36 (conf: 0.96)
40 36 => 58 60 52 (conf: 0.98)
40 58 => 60 36 52 (conf: 0.95)
40 52 => 58 60 36 (conf: 0.95)
36 58 => 40 60 52 (conf: 0.97)
36 52 => 58 40 60 (conf: 0.98)
58 52 => 40 60 36 (conf: 0.95)
60 40 36 => 58 52 (conf: 1.00)
60 40 58 => 36 52 (conf: 0.97)
60 40 52 => 58 36 (conf: 0.97)
60 36 58 => 40 52 (conf: 0.99)
60 36 52 => 58 40 (conf: 0.99)
60 58 52 => 40 36 (conf: 0.96)
40 36 58 => 60 52 (conf: 0.98)
40 36 52 => 58 60 (conf: 0.98)
40 58 52 => 60 36 (conf: 0.95)
36 58 52 => 40 60 (conf: 0.98)
60 40 36 58 => 52 (conf: 1.00)
60 40 36 52 => 58 (conf: 1.00)
60 40 58 52 => 36 (conf: 0.97)
60 36 58 52 => 40 (conf: 0.99)
40 36 58 52 => 60 (conf: 0.98)
60 => 29 40 36 52 (conf: 0.95)
40 => 29 60 36 52 (conf: 0.95)
36 => 29 60 40 52 (conf: 0.97)
29 => 40 60 36 52 (conf: 0.94)
52 => 36 29 60 40 (conf: 0.94)
60 40 => 29 36 52 (conf: 0.96)
60 36 => 29 40 52 (conf: 0.98)
60 29 => 40 36 52 (conf: 0.96)
60 52 => 29 40 36 (conf: 0.96)
40 36 => 29 60 52 (conf: 0.98)
40 29 => 60 36 52 (conf: 0.95)
40 52 => 29 60 36 (conf: 0.95)
36 29 => 40 60 52 (conf: 0.97)
36 52 => 29 60 40 (conf: 0.97)
29 52 => 40 60 36 (conf: 0.95)
60 40 36 => 29 52 (conf: 0.99)
60 40 29 => 36 52 (conf: 0.97)
60 40 52 => 29 36 (conf: 0.96)
60 36 29 => 40 52 (conf: 0.99)
60 36 52 => 29 40 (conf: 0.99)
60 29 52 => 40 36 (conf: 0.96)
40 36 29 => 60 52 (conf: 0.98)
40 36 52 => 29 60 (conf: 0.98)
40 29 52 => 60 36 (conf: 0.96)
36 29 52 => 40 60 (conf: 0.98)
60 40 36 29 => 52 (conf: 1.00)
60 40 36 52 => 29 (conf: 1.00)
60 40 29 52 => 36 (conf: 0.97)
60 36 29 52 => 40 (conf: 0.99)
40 36 29 52 => 60 (conf: 0.99)
60 => 58 66 29 52 (conf: 0.95)
66 => 58 29 60 52 (conf: 0.99)
58 => 66 60 29 52 (conf: 0.94)
29 => 58 66 60 52 (conf: 0.94)
52 => 58 66 60 29 (conf: 0.94)
60 66 => 58 29 52 (conf: 0.99)
60 58 => 66 29 52 (conf: 0.95)
60 29 => 58 66 52 (conf: 0.96)
60 52 => 58 66 29 (conf: 0.96)
66 58 => 29 60 52 (conf: 0.99)
66 29 => 58 60 52 (conf: 1.00)
66 52 => 58 29 60 (conf: 1.00)
58 29 => 66 60 52 (conf: 0.94)
58 52 => 66 60 29 (conf: 0.94)
29 52 => 58 66 60 (conf: 0.95)
60 66 58 => 29 52 (conf: 0.99)
60 66 29 => 58 52 (conf: 1.00)
60 66 52 => 58 29 (conf: 1.00)
60 58 29 => 66 52 (conf: 0.96)
60 58 52 => 66 29 (conf: 0.96)
60 29 52 => 58 66 (conf: 0.96)
66 58 29 => 60 52 (conf: 1.00)
66 58 52 => 29 60 (conf: 1.00)
66 29 52 => 58 60 (conf: 1.00)
58 29 52 => 66 60 (conf: 0.95)
60 66 58 29 => 52 (conf: 1.00)
60 66 58 52 => 29 (conf: 1.00)
60 66 29 52 => 58 (conf: 1.00)
60 58 29 52 => 66 (conf: 0.96)
66 58 29 52 => 60 (conf: 1.00)
60 => 58 40 29 52 (conf: 0.98)
40 => 58 29 60 52 (conf: 0.98)
58 => 40 60 29 52 (conf: 0.97)
29 => 58 40 60 52 (conf: 0.97)
52 => 58 40 60 29 (conf: 0.97)
60 40 => 58 29 52 (conf: 0.99)
60 58 => 40 29 52 (conf: 0.98)
60 29 => 58 40 52 (conf: 0.99)
60 52 => 58 40 29 (conf: 0.99)
40 58 => 29 60 52 (conf: 0.98)
40 29 => 58 60 52 (conf: 0.98)
40 52 => 58 29 60 (conf: 0.98)
58 29 => 40 60 52 (conf: 0.97)
58 52 => 40 60 29 (conf: 0.97)
29 52 => 58 40 60 (conf: 0.98)
60 40 58 => 29 52 (conf: 0.99)
60 40 29 => 58 52 (conf: 1.00)
60 40 52 => 58 29 (conf: 1.00)
60 58 29 => 40 52 (conf: 0.99)
60 58 52 => 40 29 (conf: 0.99)
60 29 52 => 58 40 (conf: 0.99)
40 58 29 => 60 52 (conf: 0.98)
40 58 52 => 29 60 (conf: 0.98)
40 29 52 => 58 60 (conf: 0.99)
58 29 52 => 40 60 (conf: 0.98)
60 40 58 29 => 52 (conf: 1.00)
60 40 58 52 => 29 (conf: 1.00)
60 40 29 52 => 58 (conf: 1.00)
60 58 29 52 => 40 (conf: 0.99)
40 58 29 52 => 60 (conf: 0.99)
40 => 58 29 36 52 (conf: 0.96)
36 => 58 29 40 52 (conf: 0.98)
58 => 29 40 36 52 (conf: 0.95)
29 => 58 40 36 52 (conf: 0.96)
52 => 58 29 40 36 (conf: 0.96)
40 36 => 58 29 52 (conf: 0.99)
40 58 => 29 36 52 (conf: 0.96)
40 29 => 58 36 52 (conf: 0.97)
40 52 => 58 29 36 (conf: 0.96)
36 58 => 29 40 52 (conf: 0.98)
36 29 => 58 40 52 (conf: 0.99)
36 52 => 58 29 40 (conf: 0.99)
58 29 => 40 36 52 (conf: 0.96)
58 52 => 29 40 36 (conf: 0.96)
29 52 => 58 40 36 (conf: 0.96)
40 36 58 => 29 52 (conf: 0.99)
40 36 29 => 58 52 (conf: 1.00)
40 36 52 => 58 29 (conf: 0.99)
40 58 29 => 36 52 (conf: 0.97)
40 58 52 => 29 36 (conf: 0.96)
40 29 52 => 58 36 (conf: 0.97)
36 58 29 => 40 52 (conf: 0.99)
36 58 52 => 29 40 (conf: 0.99)
36 29 52 => 58 40 (conf: 0.99)
58 29 52 => 40 36 (conf: 0.96)
40 36 58 29 => 52 (conf: 1.00)
40 36 58 52 => 29 (conf: 1.00)
40 36 29 52 => 58 (conf: 1.00)
40 58 29 52 => 36 (conf: 0.97)
36 58 29 52 => 40 (conf: 0.99)
40 => 58 7 29 52 (conf: 0.96)
7 => 58 40 29 52 (conf: 0.99)
58 => 7 40 29 52 (conf: 0.95)
29 => 58 7 40 52 (conf: 0.95)
52 => 58 7 40 29 (conf: 0.95)
40 7 => 58 29 52 (conf: 0.99)
40 58 => 7 29 52 (conf: 0.96)
40 29 => 58 7 52 (conf: 0.96)
40 52 => 58 7 29 (conf: 0.96)
7 58 => 40 29 52 (conf: 0.99)
7 29 => 58 40 52 (conf: 0.99)
7 52 => 58 40 29 (conf: 0.99)
58 29 => 7 40 52 (conf: 0.95)
58 52 => 7 40 29 (conf: 0.95)
29 52 => 58 7 40 (conf: 0.96)
40 7 58 => 29 52 (conf: 0.99)
40 7 29 => 58 52 (conf: 1.00)
40 7 52 => 58 29 (conf: 1.00)
40 58 29 => 7 52 (conf: 0.96)
40 58 52 => 7 29 (conf: 0.96)
40 29 52 => 58 7 (conf: 0.96)
7 58 29 => 40 52 (conf: 0.99)
7 58 52 => 40 29 (conf: 0.99)
7 29 52 => 58 40 (conf: 0.99)
58 29 52 => 7 40 (conf: 0.96)
40 7 58 29 => 52 (conf: 1.00)
40 7 58 52 => 29 (conf: 1.00)
40 7 29 52 => 58 (conf: 1.00)
40 58 29 52 => 7 (conf: 0.96)
7 58 29 52 => 40 (conf: 0.99)
40 => 58 52 29 62 (conf: 0.95)
62 => 58 40 29 52 (conf: 0.99)
58 => 52 40 29 62 (conf: 0.94)
29 => 58 52 40 62 (conf: 0.95)
52 => 58 40 29 62 (conf: 0.95)
40 62 => 58 29 52 (conf: 0.99)
40 58 => 52 29 62 (conf: 0.95)
40 29 => 58 52 62 (conf: 0.96)
40 52 => 58 29 62 (conf: 0.96)
62 58 => 40 29 52 (conf: 0.99)
62 29 => 58 40 52 (conf: 0.99)
62 52 => 58 40 29 (conf: 0.99)
58 29 => 52 40 62 (conf: 0.95)
58 52 => 40 29 62 (conf: 0.95)
29 52 => 58 40 62 (conf: 0.95)
40 62 58 => 29 52 (conf: 0.99)
40 62 29 => 58 52 (conf: 1.00)
40 62 52 => 58 29 (conf: 1.00)
40 58 29 => 52 62 (conf: 0.96)
40 58 52 => 29 62 (conf: 0.96)
40 29 52 => 58 62 (conf: 0.96)
62 58 29 => 40 52 (conf: 0.99)
62 58 52 => 40 29 (conf: 0.99)
62 29 52 => 58 40 (conf: 1.00)
58 29 52 => 40 62 (conf: 0.95)
40 62 58 29 => 52 (conf: 1.00)
40 62 58 52 => 29 (conf: 1.00)
40 62 29 52 => 58 (conf: 1.00)
40 58 29 52 => 62 (conf: 0.96)
62 58 29 52 => 40 (conf: 1.00)
60 => 58 29 36 52 (conf: 0.96)
36 => 58 29 60 52 (conf: 0.98)
58 => 29 60 36 52 (conf: 0.95)
29 => 58 60 36 52 (conf: 0.95)
52 => 58 29 60 36 (conf: 0.95)
60 36 => 58 29 52 (conf: 0.99)
60 58 => 29 36 52 (conf: 0.96)
60 29 => 58 36 52 (conf: 0.97)
60 52 => 58 29 36 (conf: 0.96)
36 58 => 29 60 52 (conf: 0.98)
36 29 => 58 60 52 (conf: 0.98)
36 52 => 58 29 60 (conf: 0.98)
58 29 => 60 36 52 (conf: 0.95)
58 52 => 29 60 36 (conf: 0.95)
29 52 => 58 60 36 (conf: 0.95)
60 36 58 => 29 52 (conf: 0.99)
60 36 29 => 58 52 (conf: 1.00)
60 36 52 => 58 29 (conf: 1.00)
60 58 29 => 36 52 (conf: 0.97)
60 58 52 => 29 36 (conf: 0.96)
60 29 52 => 58 36 (conf: 0.97)
36 58 29 => 60 52 (conf: 0.98)
36 58 52 => 29 60 (conf: 0.98)
36 29 52 => 58 60 (conf: 0.99)
58 29 52 => 60 36 (conf: 0.96)
60 36 58 29 => 52 (conf: 1.00)
60 36 58 52 => 29 (conf: 1.00)
60 36 29 52 => 58 (conf: 1.00)
60 58 29 52 => 36 (conf: 0.97)
36 58 29 52 => 60 (conf: 0.99)
34 => 58 40 29 52 (conf: 0.99)
40 => 34 58 29 52 (conf: 0.95)
58 => 34 40 29 52 (conf: 0.94)
29 => 34 58 40 52 (conf: 0.94)
52 => 34 58 40 29 (conf: 0.94)
34 40 => 58 29 52 (conf: 1.00)
34 58 => 40 29 52 (conf: 0.99)
34 29 => 58 40 52 (conf: 0.99)
34 52 => 58 40 29 (conf: 0.99)
40 58 => 34 29 52 (conf: 0.95)
40 29 => 34 58 52 (conf: 0.95)
40 52 => 34 58 29 (conf: 0.95)
58 29 => 34 40 52 (conf: 0.94)
58 52 => 34 40 29 (conf: 0.94)
29 52 => 34 58 40 (conf: 0.95)
34 40 58 => 29 52 (conf: 1.00)
34 40 29 => 58 52 (conf: 1.00)
34 40 52 => 58 29 (conf: 1.00)
34 58 29 => 40 52 (conf: 0.99)
34 58 52 => 40 29 (conf: 0.99)
34 29 52 => 58 40 (conf: 0.99)
40 58 29 => 34 52 (conf: 0.95)
40 58 52 => 34 29 (conf: 0.95)
40 29 52 => 34 58 (conf: 0.96)
58 29 52 => 34 40 (conf: 0.95)
34 40 58 29 => 52 (conf: 1.00)
34 40 58 52 => 29 (conf: 1.00)
34 40 29 52 => 58 (conf: 1.00)
34 58 29 52 => 40 (conf: 0.99)
40 58 29 52 => 34 (conf: 0.96)
60 => 58 7 29 52 (conf: 0.96)
7 => 58 29 60 52 (conf: 0.98)
58 => 7 29 60 52 (conf: 0.94)
29 => 58 7 60 52 (conf: 0.95)
52 => 58 7 29 60 (conf: 0.95)
60 7 => 58 29 52 (conf: 0.99)
60 58 => 7 29 52 (conf: 0.96)
60 29 => 58 7 52 (conf: 0.96)
60 52 => 58 7 29 (conf: 0.96)
7 58 => 29 60 52 (conf: 0.98)
7 29 => 58 60 52 (conf: 0.98)
7 52 => 58 29 60 (conf: 0.98)
58 29 => 7 60 52 (conf: 0.95)
58 52 => 7 29 60 (conf: 0.95)
29 52 => 58 7 60 (conf: 0.95)
60 7 58 => 29 52 (conf: 0.99)
60 7 29 => 58 52 (conf: 1.00)
60 7 52 => 58 29 (conf: 1.00)
60 58 29 => 7 52 (conf: 0.96)
60 58 52 => 7 29 (conf: 0.96)
60 29 52 => 58 7 (conf: 0.96)
7 58 29 => 60 52 (conf: 0.98)
7 58 52 => 29 60 (conf: 0.98)
7 29 52 => 58 60 (conf: 0.98)
58 29 52 => 7 60 (conf: 0.95)
60 7 58 29 => 52 (conf: 1.00)
60 7 58 52 => 29 (conf: 1.00)
60 7 29 52 => 58 (conf: 1.00)
60 58 29 52 => 7 (conf: 0.96)
7 58 29 52 => 60 (conf: 0.99)
60 => 40 36 58 29 52 (conf: 0.95)
40 => 60 36 58 29 52 (conf: 0.95)
36 => 60 40 58 29 52 (conf: 0.97)
58 => 60 40 36 29 52 (conf: 0.94)
29 => 60 40 36 58 52 (conf: 0.94)
52 => 60 40 36 58 29 (conf: 0.94)
60 40 => 58 29 36 52 (conf: 0.96)
60 36 => 58 29 40 52 (conf: 0.98)
60 58 => 29 40 36 52 (conf: 0.95)
60 29 => 58 40 36 52 (conf: 0.96)
60 52 => 58 29 40 36 (conf: 0.96)
40 36 => 58 29 60 52 (conf: 0.98)
40 58 => 29 60 36 52 (conf: 0.95)
40 29 => 58 60 36 52 (conf: 0.95)
40 52 => 58 29 60 36 (conf: 0.95)
36 58 => 29 60 40 52 (conf: 0.97)
36 29 => 58 40 60 52 (conf: 0.97)
36 52 => 58 29 60 40 (conf: 0.97)
58 29 => 40 60 36 52 (conf: 0.94)
58 52 => 36 29 60 40 (conf: 0.94)
29 52 => 58 40 60 36 (conf: 0.95)
60 40 36 => 58 29 52 (conf: 0.99)
60 40 58 => 29 36 52 (conf: 0.96)
60 40 29 => 58 36 52 (conf: 0.96)
60 40 52 => 58 29 36 (conf: 0.96)
60 36 58 => 29 40 52 (conf: 0.98)
60 36 29 => 58 40 52 (conf: 0.99)
60 36 52 => 58 29 40 (conf: 0.99)
60 58 29 => 40 36 52 (conf: 0.96)
60 58 52 => 29 40 36 (conf: 0.96)
60 29 52 => 58 40 36 (conf: 0.96)
40 36 58 => 29 60 52 (conf: 0.98)
40 36 29 => 58 60 52 (conf: 0.98)
40 36 52 => 58 29 60 (conf: 0.98)
40 58 29 => 60 36 52 (conf: 0.95)
40 58 52 => 29 60 36 (conf: 0.95)
40 29 52 => 58 60 36 (conf: 0.95)
36 58 29 => 40 60 52 (conf: 0.97)
36 58 52 => 29 60 40 (conf: 0.97)
36 29 52 => 58 40 60 (conf: 0.98)
58 29 52 => 40 60 36 (conf: 0.95)
60 40 36 58 => 29 52 (conf: 0.99)
60 40 36 29 => 58 52 (conf: 1.00)
60 40 36 52 => 58 29 (conf: 1.00)
60 40 58 29 => 36 52 (conf: 0.97)
60 40 58 52 => 29 36 (conf: 0.96)
60 40 29 52 => 58 36 (conf: 0.97)
60 36 58 29 => 40 52 (conf: 0.99)
60 36 58 52 => 29 40 (conf: 0.99)
60 36 29 52 => 58 40 (conf: 0.99)
60 58 29 52 => 40 36 (conf: 0.96)
40 36 58 29 => 60 52 (conf: 0.98)
40 36 58 52 => 29 60 (conf: 0.98)
40 36 29 52 => 58 60 (conf: 0.99)
40 58 29 52 => 60 36 (conf: 0.96)
36 58 29 52 => 40 60 (conf: 0.98)
60 40 36 58 29 => 52 (conf: 1.00)
60 40 36 58 52 => 29 (conf: 1.00)
60 40 36 29 52 => 58 (conf: 1.00)
60 40 58 29 52 => 36 (conf: 0.97)
60 36 58 29 52 => 40 (conf: 0.99)
40 36 58 29 52 => 60 (conf: 0.99)

== Execution Statistics ==
Transactions: 3196
Min Support: 3000
Load Time: 0.0843 seconds
Mining Time: 0.9658 seconds
Peak Memory Mb: 12.03 MB
Rule Gen Time: 0.0043 seconds
