== Command ==
python eclat.py Datasets/chess_vertical.dat 3000

== Frequent Itemsets ==
7 (3076)
7 60 (3031)
7 60 58 (3030)
7 60 58 52 (3019)
7 60 58 52 29 (3012)
7 60 58 40 (3005)
7 60 58 29 (3023)
7 60 52 (3020)
7 60 52 29 (3013)
7 60 40 (3006)
7 60 29 (3024)
7 58 (3075)
7 58 52 (3064)
7 58 52 40 (3038)
7 58 52 40 29 (3031)
7 58 52 29 (3057)
7 58 40 (3049)
7 58 40 29 (3042)
7 58 29 (3068)
7 52 (3065)
7 52 40 (3039)
7 52 40 29 (3032)
7 52 29 (3058)
7 40 (3050)
7 40 29 (3043)
7 29 (3069)
66 (3021)
66 60 (3021)
66 60 58 (3020)
66 60 58 52 (3009)
66 60 58 52 29 (3001)
66 60 58 29 (3012)
66 60 52 (3010)
66 60 52 29 (3002)
66 60 29 (3013)
66 58 (3020)
66 58 52 (3009)
66 58 52 29 (3001)
66 58 29 (3012)
66 52 (3010)
66 52 29 (3002)
66 29 (3013)
62 (3060)
62 60 (3014)
62 60 58 (3014)
62 60 58 52 (3003)
62 60 58 29 (3001)
62 60 52 (3003)
62 60 29 (3001)
62 58 (3060)
62 58 52 (3049)
62 58 52 40 (3034)
62 58 52 40 29 (3019)
62 58 52 29 (3034)
62 58 40 (3045)
62 58 40 29 (3030)
62 58 29 (3045)
62 52 (3049)
62 52 40 (3034)
62 52 40 29 (3019)
62 52 29 (3034)
62 40 (3045)
62 40 29 (3030)
62 29 (3045)
60 (3149)
60 58 (3148)
60 58 52 (3137)
60 58 52 40 (3112)
60 58 52 40 36 (3015)
60 58 52 40 36 29 (3002)
60 58 52 40 29 (3099)
60 58 52 36 (3040)
60 58 52 36 29 (3027)
60 58 52 29 (3124)
60 58 40 (3123)
60 58 40 36 (3026)
60 58 40 36 29 (3013)
60 58 40 29 (3110)
60 58 36 (3051)
60 58 36 29 (3038)
60 58 29 (3135)
60 52 (3138)
60 52 40 (3113)
60 52 40 36 (3016)
60 52 40 36 29 (3003)
60 52 40 29 (3100)
60 52 36 (3041)
60 52 36 29 (3028)
60 52 29 (3125)
60 40 (3124)
60 40 36 (3027)
60 40 36 29 (3014)
60 40 29 (3111)
60 36 (3052)
60 36 29 (3039)
60 29 (3136)
58 (3195)
58 56 (3020)
58 56 52 (3015)
58 56 52 29 (3000)
58 56 29 (3005)
58 52 (3184)
58 52 48 (3001)
58 52 40 (3158)
58 52 40 36 (3061)
58 52 40 36 29 (3046)
58 52 40 34 (3007)
58 52 40 34 29 (3003)
58 52 40 29 (3143)
58 52 36 (3087)
58 52 36 29 (3072)
58 52 34 (3030)
58 52 34 29 (3026)
58 52 29 (3169)
58 48 (3012)
58 40 (3169)
58 40 36 (3072)
58 40 36 29 (3057)
58 40 34 (3016)
58 40 34 29 (3012)
58 40 29 (3154)
58 36 (3098)
58 36 29 (3083)
58 34 (3039)
58 34 29 (3035)
58 29 (3180)
56 (3021)
56 52 (3016)
56 52 29 (3001)
56 29 (3006)
52 (3185)
52 48 (3002)
52 40 (3159)
52 40 36 (3062)
52 40 36 29 (3047)
52 40 34 (3008)
52 40 34 29 (3004)
52 40 29 (3144)
52 36 (3088)
52 36 29 (3073)
52 34 (3031)
52 34 29 (3027)
52 29 (3170)
48 (3013)
40 (3170)
40 36 (3073)
40 36 29 (3058)
40 34 (3017)
40 34 29 (3013)
40 29 (3155)
36 (3099)
36 29 (3084)
34 (3040)
34 29 (3036)
29 (3181)

== Execution Statistics ==
Transactions: 3196
Minimum Frequency: 3000 
Load Time: 0.0538 seconds
Mining Time: 0.0177 seconds
Peak Memory Mb: 13.85 MB
