== Frequent Itemsets ==
7 (3076)
7 60 (3031)
7 58 (3075)
7 58 52 (3074)
7 58 52 40 (3074)
7 58 52 40 29 (3074)
7 58 52 29 (3074)
7 58 40 (3074)
7 58 40 29 (3074)
7 58 29 (3074)
7 52 (3065)
7 52 40 (3054)
7 52 40 29 (3054)
7 52 29 (3054)
7 40 (3050)
7 40 29 (3024)
7 29 (3069)
66 (3021)
66 60 (3021)
66 60 58 (3021)
66 60 58 52 (3021)
66 60 58 52 29 (3021)
66 60 58 29 (3021)
66 60 52 (3021)
66 60 52 29 (3021)
66 60 29 (3021)
66 58 (3020)
66 58 52 (3019)
66 58 52 29 (3019)
66 58 29 (3019)
66 52 (3010)
66 29 (3013)
62 (3060)
62 60 (3014)
62 58 (3060)
62 58 52 (3060)
62 58 52 40 (3060)
62 58 52 40 29 (3060)
62 58 52 29 (3060)
62 58 40 (3060)
62 58 40 29 (3060)
62 58 29 (3060)
62 52 (3049)
62 52 40 (3038)
62 52 40 29 (3038)
62 52 29 (3038)
62 40 (3045)
62 40 29 (3030)
62 29 (3045)
60 (3149)
60 58 (3148)
60 58 52 (3147)
60 58 52 40 (3147)
60 58 52 40 36 (3147)
60 58 52 40 36 29 (3147)
60 58 52 40 29 (3147)
60 58 52 36 (3147)
60 58 52 36 29 (3147)
60 58 52 29 (3147)
60 58 40 (3147)
60 58 40 36 (3147)
60 58 40 36 29 (3147)
60 58 40 29 (3147)
60 58 36 (3147)
60 58 36 29 (3147)
60 58 29 (3147)
60 52 (3138)
60 52 40 (3127)
60 52 40 36 (3127)
60 52 40 36 29 (3127)
60 52 40 29 (3127)
60 52 36 (3127)
60 52 36 29 (3127)
60 52 29 (3127)
60 40 (3124)
60 40 36 (3099)
60 40 36 29 (3099)
60 40 29 (3099)
60 36 (3052)
60 29 (3136)
58 (3195)
58 56 (3020)
58 52 (3184)
58 52 48 (3173)
58 52 48 40 (3173)
58 52 48 40 36 (3173)
58 52 48 40 36 34 (3173)
58 52 48 40 36 34 29 (3173)
58 52 48 40 36 29 (3173)
58 52 48 40 34 (3173)
58 52 48 40 34 29 (3173)
58 52 48 40 29 (3173)
58 52 48 36 (3173)
58 52 48 36 34 (3173)
58 52 48 36 34 29 (3173)
58 52 48 36 29 (3173)
58 52 48 34 (3171)
58 52 48 34 29 (3169)
58 52 48 29 (3173)
58 52 40 (3173)
58 52 40 36 (3173)
58 52 40 36 34 (3173)
58 52 40 36 34 29 (3173)
58 52 40 36 29 (3173)
58 52 40 34 (3171)
58 52 40 34 29 (3169)
58 52 40 29 (3173)
58 52 36 (3173)
58 52 36 34 (3171)
58 52 36 34 29 (3169)
58 52 36 29 (3173)
58 52 34 (3175)
58 52 34 29 (3175)
58 52 29 (3173)
58 48 (3012)
58 40 (3169)
58 40 36 (3143)
58 40 36 34 (3140)
58 40 36 34 29 (3137)
58 40 36 29 (3143)
58 40 34 (3146)
58 40 34 29 (3146)
58 40 29 (3143)
58 36 (3098)
58 36 34 (3001)
58 36 34 29 (3001)
58 36 29 (3001)
58 34 (3039)
58 29 (3180)
56 (3021)
56 52 (3016)
56 52 29 (3011)
56 29 (3006)
52 (3185)
52 48 (3002)
52 40 (3159)
52 40 36 (3133)
52 40 36 34 (3130)
52 40 36 34 29 (3127)
52 40 36 29 (3133)
52 40 34 (3136)
52 40 34 29 (3136)
52 40 29 (3133)
52 36 (3088)
52 34 (3031)
52 29 (3170)
48 (3013)
40 (3170)
40 36 (3073)
40 34 (3017)
40 29 (3155)
36 (3099)
36 29 (3084)
34 (3040)
34 29 (3036)
29 (3181)

== Execution Statistics ==
Transactions: 3196
Min Support: 3000
Load Time: 0.1142 seconds
Mining Time: 0.0147 seconds
Peak Memory Mb: 13.67 MB
