== Command ==
python eclat.py Datasets/mushroom_vertical.dat 0.5

== Frequent Itemsets ==
90 (7488)
90 86 (7288)
90 86 85 (7288)
90 86 85 63 (4304)
90 86 85 63 34 (4304)
90 86 85 59 (4544)
90 86 85 59 34 (4544)
90 86 85 53 (4608)
90 86 85 53 34 (4608)
90 86 85 39 (4784)
90 86 85 39 34 (4784)
90 86 85 36 (6272)
90 86 85 36 34 (6272)
90 86 85 34 (7288)
90 86 85 34 24 (4208)
90 86 85 24 (4208)
90 86 63 (4304)
90 86 63 34 (4304)
90 86 59 (4544)
90 86 59 34 (4544)
90 86 53 (4608)
90 86 53 34 (4608)
90 86 39 (4784)
90 86 39 34 (4784)
90 86 36 (6272)
90 86 36 34 (6272)
90 86 34 (7288)
90 86 34 24 (4208)
90 86 24 (4208)
90 85 (7488)
90 85 63 (4496)
90 85 63 34 (4304)
90 85 59 (4736)
90 85 59 36 (4128)
90 85 59 34 (4544)
90 85 53 (4608)
90 85 53 34 (4608)
90 85 39 (4976)
90 85 39 36 (4208)
90 85 39 34 (4784)
90 85 36 (6464)
90 85 36 34 (6272)
90 85 34 (7296)
90 85 34 24 (4216)
90 85 24 (4408)
90 63 (4496)
90 63 34 (4304)
90 59 (4736)
90 59 36 (4128)
90 59 34 (4544)
90 53 (4608)
90 53 34 (4608)
90 39 (4976)
90 39 36 (4208)
90 39 34 (4784)
90 36 (6464)
90 36 34 (6272)
90 34 (7296)
90 34 24 (4216)
90 24 (4408)
86 (7924)
86 85 (7924)
86 85 76 (4384)
86 85 76 34 (4384)
86 85 67 (4464)
86 85 67 34 (4464)
86 85 63 (4744)
86 85 63 34 (4744)
86 85 59 (4984)
86 85 59 36 (4232)
86 85 59 36 34 (4232)
86 85 59 34 (4984)
86 85 53 (4608)
86 85 53 34 (4608)
86 85 39 (5420)
86 85 39 36 (4364)
86 85 39 36 34 (4346)
86 85 39 34 (5402)
86 85 36 (6620)
86 85 36 34 (6602)
86 85 34 (7906)
86 85 34 24 (4530)
86 85 24 (4548)
86 76 (4384)
86 76 34 (4384)
86 67 (4464)
86 67 34 (4464)
86 63 (4744)
86 63 34 (4744)
86 59 (4984)
86 59 36 (4232)
86 59 36 34 (4232)
86 59 34 (4984)
86 53 (4608)
86 53 34 (4608)
86 39 (5420)
86 39 36 (4364)
86 39 36 34 (4346)
86 39 34 (5402)
86 36 (6620)
86 36 34 (6602)
86 34 (7906)
86 34 24 (4530)
86 24 (4548)
85 (8124)
85 76 (4384)
85 76 34 (4384)
85 67 (4464)
85 67 34 (4464)
85 63 (4936)
85 63 59 (4156)
85 63 36 (4184)
85 63 34 (4744)
85 59 (5176)
85 59 36 (4424)
85 59 36 34 (4232)
85 59 34 (4984)
85 53 (4608)
85 53 34 (4608)
85 39 (5612)
85 39 36 (4556)
85 39 36 34 (4346)
85 39 34 (5402)
85 36 (6812)
85 36 34 (6602)
85 34 (7914)
85 34 24 (4538)
85 24 (4748)
85 2 (4208)
76 (4384)
76 34 (4384)
67 (4464)
67 34 (4464)
63 (4936)
63 59 (4156)
63 36 (4184)
63 34 (4744)
59 (5176)
59 36 (4424)
59 36 34 (4232)
59 34 (4984)
53 (4608)
53 34 (4608)
39 (5612)
39 36 (4556)
39 36 34 (4346)
39 34 (5402)
36 (6812)
36 34 (6602)
34 (7914)
34 24 (4538)
24 (4748)
2 (4208)

== Execution Statistics ==
Transactions: 8124
Minimum Frequency: 4062 (minsup fraction applied)
Load Time: 0.1332 seconds
Mining Time: 0.0920 seconds
Peak Memory Mb: 26.74 MB
