== Command ==
python dEclat.py Datasets/mushroom_vertical.dat 3000

== Frequent Itemsets ==
93 (3968)
93 90 (3560)
93 90 86 (3368)
93 90 86 85 (3368)
93 90 86 85 63 (3032)
93 90 86 85 63 34 (3032)
93 90 86 85 59 (3224)
93 90 86 85 59 36 (3024)
93 90 86 85 59 36 34 (3024)
93 90 86 85 59 34 (3224)
93 90 86 85 36 (3168)
93 90 86 85 36 34 (3168)
93 90 86 85 34 (3368)
93 90 86 85 34 23 (3080)
93 90 86 85 23 (3080)
93 90 86 63 (3032)
93 90 86 63 34 (3032)
93 90 86 59 (3224)
93 90 86 59 36 (3024)
93 90 86 59 36 34 (3024)
93 90 86 59 34 (3224)
93 90 86 36 (3168)
93 90 86 36 34 (3168)
93 90 86 34 (3368)
93 90 86 34 23 (3080)
93 90 86 23 (3080)
93 90 85 (3560)
93 90 85 63 (3224)
93 90 85 63 59 (3152)
93 90 85 63 36 (3024)
93 90 85 63 34 (3032)
93 90 85 59 (3416)
93 90 85 59 36 (3216)
93 90 85 59 36 34 (3024)
93 90 85 59 34 (3224)
93 90 85 36 (3360)
93 90 85 36 34 (3168)
93 90 85 34 (3368)
93 90 85 34 23 (3080)
93 90 85 23 (3080)
93 90 63 (3224)
93 90 63 59 (3152)
93 90 63 36 (3024)
93 90 63 34 (3032)
93 90 59 (3416)
93 90 59 36 (3216)
93 90 59 36 34 (3024)
93 90 59 34 (3224)
93 90 36 (3360)
93 90 36 34 (3168)
93 90 34 (3368)
93 90 34 23 (3080)
93 90 23 (3080)
93 86 (3776)
93 86 85 (3776)
93 86 85 63 (3280)
93 86 85 63 59 (3136)
93 86 85 63 59 34 (3136)
93 86 85 63 34 (3280)
93 86 85 59 (3472)
93 86 85 59 36 (3128)
93 86 85 59 36 34 (3128)
93 86 85 59 34 (3472)
93 86 85 59 34 23 (3040)
93 86 85 59 23 (3040)
93 86 85 39 (3129)
93 86 85 39 34 (3129)
93 86 85 36 (3288)
93 86 85 36 34 (3288)
93 86 85 36 34 23 (3080)
93 86 85 36 23 (3080)
93 86 85 34 (3776)
93 86 85 34 23 (3184)
93 86 85 23 (3184)
93 86 63 (3280)
93 86 63 59 (3136)
93 86 63 59 34 (3136)
93 86 63 34 (3280)
93 86 59 (3472)
93 86 59 36 (3128)
93 86 59 36 34 (3128)
93 86 59 34 (3472)
93 86 59 34 23 (3040)
93 86 59 23 (3040)
93 86 39 (3129)
93 86 39 34 (3129)
93 86 36 (3288)
93 86 36 34 (3288)
93 86 36 34 23 (3080)
93 86 36 23 (3080)
93 86 34 (3776)
93 86 34 23 (3184)
93 86 23 (3184)
93 85 (3968)
93 85 63 (3472)
93 85 63 59 (3328)
93 85 63 59 36 (3056)
93 85 63 59 34 (3136)
93 85 63 36 (3128)
93 85 63 34 (3280)
93 85 59 (3664)
93 85 59 39 (3017)
93 85 59 36 (3320)
93 85 59 36 34 (3128)
93 85 59 34 (3472)
93 85 59 34 23 (3040)
93 85 59 23 (3040)
93 85 39 (3321)
93 85 39 36 (3033)
93 85 39 34 (3129)
93 85 36 (3480)
93 85 36 34 (3288)
93 85 36 34 23 (3080)
93 85 36 23 (3080)
93 85 34 (3776)
93 85 34 23 (3184)
93 85 23 (3184)
93 85 2 (3153)
93 63 (3472)
93 63 59 (3328)
93 63 59 36 (3056)
93 63 59 34 (3136)
93 63 36 (3128)
93 63 34 (3280)
93 59 (3664)
93 59 39 (3017)
93 59 36 (3320)
93 59 36 34 (3128)
93 59 34 (3472)
93 59 34 23 (3040)
93 59 23 (3040)
93 39 (3321)
93 39 36 (3033)
93 39 34 (3129)
93 36 (3480)
93 36 34 (3288)
93 36 34 23 (3080)
93 36 23 (3080)
93 34 (3776)
93 34 23 (3184)
93 23 (3184)
93 2 (3153)
90 (7488)
90 86 (7288)
90 86 85 (7288)
90 86 85 76 (3896)
90 86 85 76 67 (3080)
90 86 85 76 67 34 (3080)
90 86 85 76 34 (3896)
90 86 85 67 (3976)
90 86 85 67 34 (3976)
90 86 85 63 (4304)
90 86 85 63 59 (3596)
90 86 85 63 59 36 (3192)
90 86 85 63 59 36 34 (3192)
90 86 85 63 59 34 (3596)
90 86 85 63 53 (3217)
90 86 85 63 53 34 (3217)
90 86 85 63 36 (3696)
90 86 85 63 36 34 (3696)
90 86 85 63 34 (4304)
90 86 85 59 (4544)
90 86 85 59 53 (3217)
90 86 85 59 53 34 (3217)
90 86 85 59 36 (3936)
90 86 85 59 36 34 (3936)
90 86 85 59 34 (4544)
90 86 85 59 34 2 (3081)
90 86 85 59 2 (3081)
90 86 85 56 (3657)
90 86 85 56 39 (3313)
90 86 85 56 39 36 (3313)
90 86 85 56 39 36 34 (3313)
90 86 85 56 39 34 (3313)
90 86 85 56 36 (3409)
90 86 85 56 36 34 (3409)
90 86 85 56 34 (3657)
90 86 85 53 (4609)
90 86 85 53 36 (3745)
90 86 85 53 36 34 (3745)
90 86 85 53 34 (4609)
90 86 85 39 (4785)
90 86 85 39 36 (4017)
90 86 85 39 36 34 (4017)
90 86 85 39 34 (4785)
90 86 85 39 34 2 (3201)
90 86 85 39 2 (3201)
90 86 85 36 (6272)
90 86 85 36 34 (6272)
90 86 85 36 34 24 (3297)
90 86 85 36 34 24 1 (3153)
90 86 85 36 34 110 (3665)
90 86 85 36 34 10 (3017)
90 86 85 36 34 1 (3696)
90 86 85 36 24 (3297)
90 86 85 36 24 1 (3153)
90 86 85 36 110 (3665)
90 86 85 36 10 (3017)
90 86 85 36 1 (3696)
90 86 85 34 (7288)
90 86 85 34 3 (3416)
90 86 85 34 24 (4209)
90 86 85 34 24 1 (3249)
90 86 85 34 23 (3080)
90 86 85 34 2 (3489)
90 86 85 34 116 (3105)
90 86 85 34 110 (3857)
90 86 85 34 10 (3045)
90 86 85 34 1 (3800)
90 86 85 3 (3416)
90 86 85 24 (4209)
90 86 85 24 1 (3249)
90 86 85 23 (3080)
90 86 85 2 (3489)
90 86 85 116 (3105)
90 86 85 110 (3857)
90 86 85 10 (3045)
90 86 85 1 (3800)
90 86 76 (3896)
90 86 76 67 (3080)
90 86 76 67 34 (3080)
90 86 76 34 (3896)
90 86 67 (3976)
90 86 67 34 (3976)
90 86 63 (4304)
90 86 63 59 (3596)
90 86 63 59 36 (3192)
90 86 63 59 36 34 (3192)
90 86 63 59 34 (3596)
90 86 63 53 (3217)
90 86 63 53 34 (3217)
90 86 63 36 (3696)
90 86 63 36 34 (3696)
90 86 63 34 (4304)
90 86 59 (4544)
90 86 59 53 (3217)
90 86 59 53 34 (3217)
90 86 59 36 (3936)
90 86 59 36 34 (3936)
90 86 59 34 (4544)
90 86 59 34 2 (3081)
90 86 59 2 (3081)
90 86 56 (3657)
90 86 56 39 (3313)
90 86 56 39 36 (3313)
90 86 56 39 36 34 (3313)
90 86 56 39 34 (3313)
90 86 56 36 (3409)
90 86 56 36 34 (3409)
90 86 56 34 (3657)
90 86 53 (4609)
90 86 53 36 (3745)
90 86 53 36 34 (3745)
90 86 53 34 (4609)
90 86 39 (4785)
90 86 39 36 (4017)
90 86 39 36 34 (4017)
90 86 39 34 (4785)
90 86 39 34 2 (3201)
90 86 39 2 (3201)
90 86 36 (6272)
90 86 36 34 (6272)
90 86 36 34 24 (3297)
90 86 36 34 24 1 (3153)
90 86 36 34 110 (3665)
90 86 36 34 10 (3017)
90 86 36 34 1 (3696)
90 86 36 24 (3297)
90 86 36 24 1 (3153)
90 86 36 110 (3665)
90 86 36 10 (3017)
90 86 36 1 (3696)
90 86 34 (7288)
90 86 34 3 (3416)
90 86 34 24 (4209)
90 86 34 24 1 (3249)
90 86 34 23 (3080)
90 86 34 2 (3489)
90 86 34 116 (3105)
90 86 34 110 (3857)
90 86 34 10 (3045)
90 86 34 1 (3800)
90 86 3 (3416)
90 86 24 (4209)
90 86 24 1 (3249)
90 86 23 (3080)
90 86 2 (3489)
90 86 116 (3105)
90 86 110 (3857)
90 86 10 (3045)
90 86 1 (3800)
90 85 (7488)
90 85 76 (3896)
90 85 76 67 (3080)
90 85 76 67 34 (3080)
90 85 76 34 (3896)
90 85 67 (3976)
90 85 67 34 (3976)
90 85 63 (4496)
90 85 63 59 (3788)
90 85 63 59 36 (3384)
90 85 63 59 36 34 (3192)
90 85 63 59 34 (3596)
90 85 63 53 (3217)
90 85 63 53 34 (3217)
90 85 63 36 (3888)
90 85 63 36 34 (3696)
90 85 63 34 (4304)
90 85 63 2 (3033)
90 85 6 (3021)
90 85 59 (4736)
90 85 59 53 (3217)
90 85 59 53 34 (3217)
90 85 59 39 (3153)
90 85 59 39 2 (3009)
90 85 59 36 (4128)
90 85 59 36 34 (3936)
90 85 59 34 (4544)
90 85 59 34 2 (3081)
90 85 59 2 (3273)
90 85 56 (3657)
90 85 56 39 (3313)
90 85 56 39 36 (3313)
90 85 56 39 36 34 (3313)
90 85 56 39 34 (3313)
90 85 56 36 (3409)
90 85 56 36 34 (3409)
90 85 56 34 (3657)
90 85 53 (4609)
90 85 53 36 (3745)
90 85 53 36 34 (3745)
90 85 53 34 (4609)
90 85 39 (4977)
90 85 39 36 (4209)
90 85 39 36 34 (4017)
90 85 39 34 (4785)
90 85 39 34 2 (3201)
90 85 39 2 (3393)
90 85 36 (6464)
90 85 36 34 (6272)
90 85 36 34 24 (3297)
90 85 36 34 24 1 (3153)
90 85 36 34 110 (3665)
90 85 36 34 10 (3017)
90 85 36 34 1 (3696)
90 85 36 24 (3489)
90 85 36 24 1 (3153)
90 85 36 110 (3761)
90 85 36 10 (3017)
90 85 36 1 (3696)
90 85 34 (7296)
90 85 34 3 (3416)
90 85 34 24 (4217)
90 85 34 24 1 (3257)
90 85 34 23 (3080)
90 85 34 2 (3489)
90 85 34 116 (3105)
90 85 34 110 (3857)
90 85 34 10 (3053)
90 85 34 1 (3808)
90 85 3 (3464)
90 85 24 (4409)
90 85 24 1 (3257)
90 85 23 (3080)
90 85 2 (3681)
90 85 116 (3105)
90 85 110 (3953)
90 85 10 (3053)
90 85 1 (3808)
90 76 (3896)
90 76 67 (3080)
90 76 67 34 (3080)
90 76 34 (3896)
90 67 (3976)
90 67 34 (3976)
90 63 (4496)
90 63 59 (3788)
90 63 59 36 (3384)
90 63 59 36 34 (3192)
90 63 59 34 (3596)
90 63 53 (3217)
90 63 53 34 (3217)
90 63 36 (3888)
90 63 36 34 (3696)
90 63 34 (4304)
90 63 2 (3033)
90 6 (3021)
90 59 (4736)
90 59 53 (3217)
90 59 53 34 (3217)
90 59 39 (3153)
90 59 39 2 (3009)
90 59 36 (4128)
90 59 36 34 (3936)
90 59 34 (4544)
90 59 34 2 (3081)
90 59 2 (3273)
90 56 (3657)
90 56 39 (3313)
90 56 39 36 (3313)
90 56 39 36 34 (3313)
90 56 39 34 (3313)
90 56 36 (3409)
90 56 36 34 (3409)
90 56 34 (3657)
90 53 (4609)
90 53 36 (3745)
90 53 36 34 (3745)
90 53 34 (4609)
90 39 (4977)
90 39 36 (4209)
90 39 36 34 (4017)
90 39 34 (4785)
90 39 34 2 (3201)
90 39 2 (3393)
90 36 (6464)
90 36 34 (6272)
90 36 34 24 (3297)
90 36 34 24 1 (3153)
90 36 34 110 (3665)
90 36 34 10 (3017)
90 36 34 1 (3696)
90 36 24 (3489)
90 36 24 1 (3153)
90 36 110 (3761)
90 36 10 (3017)
90 36 1 (3696)
90 34 (7296)
90 34 3 (3416)
90 34 24 (4217)
90 34 24 1 (3257)
90 34 23 (3080)
90 34 2 (3489)
90 34 116 (3105)
90 34 110 (3857)
90 34 10 (3053)
90 34 1 (3808)
90 3 (3464)
90 24 (4409)
90 24 1 (3257)
90 23 (3080)
90 2 (3681)
90 116 (3105)
90 110 (3953)
90 10 (3053)
90 1 (3808)
86 (7924)
86 85 (7924)
86 85 76 (4384)
86 85 76 67 (3520)
86 85 76 67 34 (3520)
86 85 76 63 (3040)
86 85 76 63 34 (3040)
86 85 76 59 (3280)
86 85 76 59 34 (3280)
86 85 76 36 (3128)
86 85 76 36 34 (3128)
86 85 76 34 (4384)
86 85 67 (4464)
86 85 67 63 (3064)
86 85 67 63 34 (3064)
86 85 67 59 (3304)
86 85 67 59 34 (3304)
86 85 67 36 (3160)
86 85 67 36 34 (3160)
86 85 67 34 (4464)
86 85 63 (4744)
86 85 63 59 (3964)
86 85 63 59 36 (3488)
86 85 63 59 36 34 (3488)
86 85 63 59 34 (3964)
86 85 63 53 (3217)
86 85 63 53 34 (3217)
86 85 63 39 (3209)
86 85 63 39 34 (3209)
86 85 63 36 (3992)
86 85 63 36 34 (3992)
86 85 63 34 (4744)
86 85 63 34 23 (3040)
86 85 63 34 2 (3209)
86 85 63 23 (3040)
86 85 63 2 (3209)
86 85 6 (3103)
86 85 6 34 (3097)
86 85 59 (4984)
86 85 59 53 (3217)
86 85 59 53 34 (3217)
86 85 59 39 (3401)
86 85 59 39 34 (3401)
86 85 59 39 34 2 (3185)
86 85 59 39 2 (3185)
86 85 59 36 (4232)
86 85 59 36 34 (4232)
86 85 59 36 34 23 (3128)
86 85 59 36 23 (3128)
86 85 59 34 (4984)
86 85 59 34 23 (3232)
86 85 59 34 2 (3449)
86 85 59 23 (3232)
86 85 59 2 (3449)
86 85 56 (3777)
86 85 56 39 (3433)
86 85 56 39 36 (3433)
86 85 56 39 36 34 (3433)
86 85 56 39 34 (3433)
86 85 56 36 (3529)
86 85 56 36 34 (3529)
86 85 56 34 (3777)
86 85 53 (4609)
86 85 53 36 (3745)
86 85 53 36 34 (3745)
86 85 53 34 (4609)
86 85 52 (3316)
86 85 52 34 (3298)
86 85 39 (5421)
86 85 39 36 (4365)
86 85 39 36 34 (4347)
86 85 39 36 34 23 (3017)
86 85 39 36 23 (3017)
86 85 39 34 (5403)
86 85 39 34 28 (3097)
86 85 39 34 28 2 (3025)
86 85 39 34 23 (3017)
86 85 39 34 2 (3729)
86 85 39 28 (3097)
86 85 39 28 2 (3025)
86 85 39 23 (3017)
86 85 39 2 (3729)
86 85 36 (6620)
86 85 36 34 (6602)
86 85 36 34 24 (3331)
86 85 36 34 24 1 (3171)
86 85 36 34 23 (3272)
86 85 36 34 110 (3753)
86 85 36 34 10 (3191)
86 85 36 34 1 (3786)
86 85 36 24 (3349)
86 85 36 24 1 (3189)
86 85 36 23 (3272)
86 85 36 110 (3753)
86 85 36 10 (3209)
86 85 36 1 (3804)
86 85 34 (7906)
86 85 34 3 (3602)
86 85 34 28 (3329)
86 85 34 28 2 (3217)
86 85 34 24 (4531)
86 85 34 24 1 (3267)
86 85 34 23 (3376)
86 85 34 2 (4017)
86 85 34 116 (3131)
86 85 34 110 (3945)
86 85 34 10 (3219)
86 85 34 1 (3890)
86 85 3 (3608)
86 85 28 (3329)
86 85 28 2 (3217)
86 85 24 (4549)
86 85 24 1 (3285)
86 85 23 (3376)
86 85 2 (4017)
86 85 116 (3149)
86 85 110 (3945)
86 85 10 (3237)
86 85 1 (3908)
86 76 (4384)
86 76 67 (3520)
86 76 67 34 (3520)
86 76 63 (3040)
86 76 63 34 (3040)
86 76 59 (3280)
86 76 59 34 (3280)
86 76 36 (3128)
86 76 36 34 (3128)
86 76 34 (4384)
86 67 (4464)
86 67 63 (3064)
86 67 63 34 (3064)
86 67 59 (3304)
86 67 59 34 (3304)
86 67 36 (3160)
86 67 36 34 (3160)
86 67 34 (4464)
86 63 (4744)
86 63 59 (3964)
86 63 59 36 (3488)
86 63 59 36 34 (3488)
86 63 59 34 (3964)
86 63 53 (3217)
86 63 53 34 (3217)
86 63 39 (3209)
86 63 39 34 (3209)
86 63 36 (3992)
86 63 36 34 (3992)
86 63 34 (4744)
86 63 34 23 (3040)
86 63 34 2 (3209)
86 63 23 (3040)
86 63 2 (3209)
86 6 (3103)
86 6 34 (3097)
86 59 (4984)
86 59 53 (3217)
86 59 53 34 (3217)
86 59 39 (3401)
86 59 39 34 (3401)
86 59 39 34 2 (3185)
86 59 39 2 (3185)
86 59 36 (4232)
86 59 36 34 (4232)
86 59 36 34 23 (3128)
86 59 36 23 (3128)
86 59 34 (4984)
86 59 34 23 (3232)
86 59 34 2 (3449)
86 59 23 (3232)
86 59 2 (3449)
86 56 (3777)
86 56 39 (3433)
86 56 39 36 (3433)
86 56 39 36 34 (3433)
86 56 39 34 (3433)
86 56 36 (3529)
86 56 36 34 (3529)
86 56 34 (3777)
86 53 (4609)
86 53 36 (3745)
86 53 36 34 (3745)
86 53 34 (4609)
86 52 (3316)
86 52 34 (3298)
86 39 (5421)
86 39 36 (4365)
86 39 36 34 (4347)
86 39 36 34 23 (3017)
86 39 36 23 (3017)
86 39 34 (5403)
86 39 34 28 (3097)
86 39 34 28 2 (3025)
86 39 34 23 (3017)
86 39 34 2 (3729)
86 39 28 (3097)
86 39 28 2 (3025)
86 39 23 (3017)
86 39 2 (3729)
86 36 (6620)
86 36 34 (6602)
86 36 34 24 (3331)
86 36 34 24 1 (3171)
86 36 34 23 (3272)
86 36 34 110 (3753)
86 36 34 10 (3191)
86 36 34 1 (3786)
86 36 24 (3349)
86 36 24 1 (3189)
86 36 23 (3272)
86 36 110 (3753)
86 36 10 (3209)
86 36 1 (3804)
86 34 (7906)
86 34 3 (3602)
86 34 28 (3329)
86 34 28 2 (3217)
86 34 24 (4531)
86 34 24 1 (3267)
86 34 23 (3376)
86 34 2 (4017)
86 34 116 (3131)
86 34 110 (3945)
86 34 10 (3219)
86 34 1 (3890)
86 3 (3608)
86 28 (3329)
86 28 2 (3217)
86 24 (4549)
86 24 1 (3285)
86 23 (3376)
86 2 (4017)
86 116 (3149)
86 110 (3945)
86 10 (3237)
86 1 (3908)
85 (8124)
85 76 (4384)
85 76 67 (3520)
85 76 67 34 (3520)
85 76 63 (3040)
85 76 63 34 (3040)
85 76 59 (3280)
85 76 59 34 (3280)
85 76 36 (3128)
85 76 36 34 (3128)
85 76 34 (4384)
85 67 (4464)
85 67 63 (3064)
85 67 63 34 (3064)
85 67 59 (3304)
85 67 59 34 (3304)
85 67 36 (3160)
85 67 36 34 (3160)
85 67 34 (4464)
85 63 (4936)
85 63 59 (4156)
85 63 59 39 (3065)
85 63 59 36 (3680)
85 63 59 36 34 (3488)
85 63 59 34 (3964)
85 63 59 2 (3125)
85 63 53 (3217)
85 63 53 34 (3217)
85 63 39 (3401)
85 63 39 34 (3209)
85 63 39 2 (3185)
85 63 36 (4184)
85 63 36 34 (3992)
85 63 34 (4744)
85 63 34 23 (3040)
85 63 34 2 (3209)
85 63 23 (3040)
85 63 2 (3401)
85 6 (3153)
85 6 34 (3099)
85 59 (5176)
85 59 53 (3217)
85 59 53 34 (3217)
85 59 39 (3593)
85 59 39 36 (3065)
85 59 39 34 (3401)
85 59 39 34 2 (3185)
85 59 39 2 (3377)
85 59 36 (4424)
85 59 36 34 (4232)
85 59 36 34 23 (3128)
85 59 36 23 (3128)
85 59 34 (4984)
85 59 34 23 (3232)
85 59 34 2 (3449)
85 59 23 (3232)
85 59 2 (3641)
85 56 (3777)
85 56 39 (3433)
85 56 39 36 (3433)
85 56 39 36 34 (3433)
85 56 39 34 (3433)
85 56 36 (3529)
85 56 36 34 (3529)
85 56 34 (3777)
85 53 (4609)
85 53 36 (3745)
85 53 36 34 (3745)
85 53 34 (4609)
85 52 (3516)
85 52 36 (3068)
85 52 34 (3306)
85 39 (5613)
85 39 36 (4557)
85 39 36 34 (4347)
85 39 36 34 23 (3017)
85 39 36 23 (3017)
85 39 34 (5403)
85 39 34 28 (3097)
85 39 34 28 2 (3025)
85 39 34 23 (3017)
85 39 34 2 (3729)
85 39 28 (3289)
85 39 28 2 (3217)
85 39 23 (3017)
85 39 2 (3921)
85 36 (6812)
85 36 34 (6602)
85 36 34 24 (3331)
85 36 34 24 1 (3171)
85 36 34 23 (3272)
85 36 34 110 (3753)
85 36 34 10 (3191)
85 36 34 1 (3786)
85 36 3 (3016)
85 36 24 (3541)
85 36 24 1 (3189)
85 36 23 (3272)
85 36 2 (3009)
85 36 110 (3849)
85 36 10 (3209)
85 36 1 (3804)
85 34 (7914)
85 34 3 (3602)
85 34 28 (3337)
85 34 28 2 (3217)
85 34 24 (4539)
85 34 24 1 (3275)
85 34 23 (3376)
85 34 2 (4017)
85 34 116 (3131)
85 34 110 (3945)
85 34 10 (3227)
85 34 1 (3898)
85 3 (3656)
85 28 (3529)
85 28 2 (3409)
85 24 (4749)
85 24 1 (3293)
85 23 (3376)
85 2 (4209)
85 116 (3149)
85 110 (4041)
85 10 (3245)
85 1 (3916)
76 (4384)
76 67 (3520)
76 67 34 (3520)
76 63 (3040)
76 63 34 (3040)
76 59 (3280)
76 59 34 (3280)
76 36 (3128)
76 36 34 (3128)
76 34 (4384)
67 (4464)
67 63 (3064)
67 63 34 (3064)
67 59 (3304)
67 59 34 (3304)
67 36 (3160)
67 36 34 (3160)
67 34 (4464)
63 (4936)
63 59 (4156)
63 59 39 (3065)
63 59 36 (3680)
63 59 36 34 (3488)
63 59 34 (3964)
63 59 2 (3125)
63 53 (3217)
63 53 34 (3217)
63 39 (3401)
63 39 34 (3209)
63 39 2 (3185)
63 36 (4184)
63 36 34 (3992)
63 34 (4744)
63 34 23 (3040)
63 34 2 (3209)
63 23 (3040)
63 2 (3401)
6 (3152)
6 34 (3098)
59 (5176)
59 53 (3217)
59 53 34 (3217)
59 39 (3593)
59 39 36 (3065)
59 39 34 (3401)
59 39 34 2 (3185)
59 39 2 (3377)
59 36 (4424)
59 36 34 (4232)
59 36 34 23 (3128)
59 36 23 (3128)
59 34 (4984)
59 34 23 (3232)
59 34 2 (3449)
59 23 (3232)
59 2 (3641)
56 (3776)
56 39 (3432)
56 39 36 (3432)
56 39 36 34 (3432)
56 39 34 (3432)
56 36 (3528)
56 36 34 (3528)
56 34 (3776)
53 (4608)
53 36 (3744)
53 36 34 (3744)
53 34 (4608)
52 (3516)
52 36 (3068)
52 34 (3306)
39 (5612)
39 36 (4556)
39 36 34 (4346)
39 36 34 23 (3016)
39 36 23 (3016)
39 34 (5402)
39 34 28 (3096)
39 34 28 2 (3024)
39 34 23 (3016)
39 34 2 (3728)
39 28 (3288)
39 28 2 (3216)
39 23 (3016)
39 2 (3920)
36 (6812)
36 34 (6602)
36 34 24 (3331)
36 34 24 1 (3171)
36 34 23 (3272)
36 34 110 (3753)
36 34 10 (3191)
36 34 1 (3786)
36 3 (3016)
36 24 (3541)
36 24 1 (3189)
36 23 (3272)
36 2 (3009)
36 110 (3849)
36 10 (3209)
36 1 (3804)
34 (7914)
34 3 (3602)
34 28 (3337)
34 28 2 (3217)
34 24 (4539)
34 24 1 (3275)
34 23 (3376)
34 2 (4017)
34 116 (3131)
34 110 (3945)
34 10 (3227)
34 1 (3898)
3 (3656)
28 (3528)
28 2 (3408)
24 (4748)
24 1 (3292)
23 (3376)
2 (4208)
116 (3148)
110 (4040)
10 (3244)
1 (3916)

== Execution Statistics ==
Transactions: 8124
Min Support: 3000
Load Time: 0.0794 seconds
Mining Time: 0.2324 seconds
Peak Memory Mb: 32.14 MB
