== Command ==
python eclat.py Datasets/mushroom_vertical.dat 3000

== Frequent Itemsets ==
93 (3968)
93 90 (3560)
93 90 86 (3368)
93 90 86 85 (3368)
93 90 86 85 63 (3032)
93 90 86 85 63 34 (3032)
93 90 86 85 59 (3224)
93 90 86 85 59 36 (3024)
93 90 86 85 59 36 34 (3024)
93 90 86 85 59 34 (3224)
93 90 86 85 36 (3168)
93 90 86 85 36 34 (3168)
93 90 86 85 34 (3368)
93 90 86 85 34 23 (3080)
93 90 86 85 23 (3080)
93 90 86 63 (3032)
93 90 86 63 34 (3032)
93 90 86 59 (3224)
93 90 86 59 36 (3024)
93 90 86 59 36 34 (3024)
93 90 86 59 34 (3224)
93 90 86 36 (3168)
93 90 86 36 34 (3168)
93 90 86 34 (3368)
93 90 86 34 23 (3080)
93 90 86 23 (3080)
93 90 85 (3560)
93 90 85 63 (3224)
93 90 85 63 59 (3152)
93 90 85 63 36 (3024)
93 90 85 63 34 (3032)
93 90 85 59 (3416)
93 90 85 59 36 (3216)
93 90 85 59 36 34 (3024)
93 90 85 59 34 (3224)
93 90 85 36 (3360)
93 90 85 36 34 (3168)
93 90 85 34 (3368)
93 90 85 34 23 (3080)
93 90 85 23 (3080)
93 90 63 (3224)
93 90 63 59 (3152)
93 90 63 36 (3024)
93 90 63 34 (3032)
93 90 59 (3416)
93 90 59 36 (3216)
93 90 59 36 34 (3024)
93 90 59 34 (3224)
93 90 36 (3360)
93 90 36 34 (3168)
93 90 34 (3368)
93 90 34 23 (3080)
93 90 23 (3080)
93 86 (3776)
93 86 85 (3776)
93 86 85 63 (3280)
93 86 85 63 59 (3136)
93 86 85 63 59 34 (3136)
93 86 85 63 34 (3280)
93 86 85 59 (3472)
93 86 85 59 36 (3128)
93 86 85 59 36 34 (3128)
93 86 85 59 34 (3472)
93 86 85 59 34 23 (3040)
93 86 85 59 23 (3040)
93 86 85 39 (3128)
93 86 85 39 34 (3128)
93 86 85 36 (3288)
93 86 85 36 34 (3288)
93 86 85 36 34 23 (3080)
93 86 85 36 23 (3080)
93 86 85 34 (3776)
93 86 85 34 23 (3184)
93 86 85 23 (3184)
93 86 63 (3280)
93 86 63 59 (3136)
93 86 63 59 34 (3136)
93 86 63 34 (3280)
93 86 59 (3472)
93 86 59 36 (3128)
93 86 59 36 34 (3128)
93 86 59 34 (3472)
93 86 59 34 23 (3040)
93 86 59 23 (3040)
93 86 39 (3128)
93 86 39 34 (3128)
93 86 36 (3288)
93 86 36 34 (3288)
93 86 36 34 23 (3080)
93 86 36 23 (3080)
93 86 34 (3776)
93 86 34 23 (3184)
93 86 23 (3184)
93 85 (3968)
93 85 63 (3472)
93 85 63 59 (3328)
93 85 63 59 36 (3056)
93 85 63 59 34 (3136)
93 85 63 36 (3128)
93 85 63 34 (3280)
93 85 59 (3664)
93 85 59 39 (3016)
93 85 59 36 (3320)
93 85 59 36 34 (3128)
93 85 59 34 (3472)
93 85 59 34 23 (3040)
93 85 59 23 (3040)
93 85 39 (3320)
93 85 39 36 (3032)
93 85 39 34 (3128)
93 85 36 (3480)
93 85 36 34 (3288)
93 85 36 34 23 (3080)
93 85 36 23 (3080)
93 85 34 (3776)
93 85 34 23 (3184)
93 85 23 (3184)
93 85 2 (3152)
93 63 (3472)
93 63 59 (3328)
93 63 59 36 (3056)
93 63 59 34 (3136)
93 63 36 (3128)
93 63 34 (3280)
93 59 (3664)
93 59 39 (3016)
93 59 36 (3320)
93 59 36 34 (3128)
93 59 34 (3472)
93 59 34 23 (3040)
93 59 23 (3040)
93 39 (3320)
93 39 36 (3032)
93 39 34 (3128)
93 36 (3480)
93 36 34 (3288)
93 36 34 23 (3080)
93 36 23 (3080)
93 34 (3776)
93 34 23 (3184)
93 23 (3184)
93 2 (3152)
90 (7488)
90 86 (7288)
90 86 85 (7288)
90 86 85 76 (3896)
90 86 85 76 67 (3080)
90 86 85 76 67 34 (3080)
90 86 85 76 34 (3896)
90 86 85 67 (3976)
90 86 85 67 34 (3976)
90 86 85 63 (4304)
90 86 85 63 59 (3596)
90 86 85 63 59 36 (3192)
90 86 85 63 59 36 34 (3192)
90 86 85 63 59 34 (3596)
90 86 85 63 53 (3216)
90 86 85 63 53 34 (3216)
90 86 85 63 36 (3696)
90 86 85 63 36 34 (3696)
90 86 85 63 34 (4304)
90 86 85 59 (4544)
90 86 85 59 53 (3216)
90 86 85 59 53 34 (3216)
90 86 85 59 36 (3936)
90 86 85 59 36 34 (3936)
90 86 85 59 34 (4544)
90 86 85 59 34 2 (3080)
90 86 85 59 2 (3080)
90 86 85 56 (3656)
90 86 85 56 39 (3312)
90 86 85 56 39 36 (3312)
90 86 85 56 39 36 34 (3312)
90 86 85 56 39 34 (3312)
90 86 85 56 36 (3408)
90 86 85 56 36 34 (3408)
90 86 85 56 34 (3656)
90 86 85 53 (4608)
90 86 85 53 36 (3744)
90 86 85 53 36 34 (3744)
90 86 85 53 34 (4608)
90 86 85 39 (4784)
90 86 85 39 36 (4016)
90 86 85 39 36 34 (4016)
90 86 85 39 34 (4784)
90 86 85 39 34 2 (3200)
90 86 85 39 2 (3200)
90 86 85 36 (6272)
90 86 85 36 34 (6272)
90 86 85 36 34 24 (3296)
90 86 85 36 34 24 1 (3152)
90 86 85 36 34 110 (3664)
90 86 85 36 34 10 (3016)
90 86 85 36 34 1 (3696)
90 86 85 36 24 (3296)
90 86 85 36 24 1 (3152)
90 86 85 36 110 (3664)
90 86 85 36 10 (3016)
90 86 85 36 1 (3696)
90 86 85 34 (7288)
90 86 85 34 3 (3416)
90 86 85 34 24 (4208)
90 86 85 34 24 1 (3248)
90 86 85 34 23 (3080)
90 86 85 34 2 (3488)
90 86 85 34 116 (3104)
90 86 85 34 110 (3856)
90 86 85 34 10 (3044)
90 86 85 34 1 (3800)
90 86 85 3 (3416)
90 86 85 24 (4208)
90 86 85 24 1 (3248)
90 86 85 23 (3080)
90 86 85 2 (3488)
90 86 85 116 (3104)
90 86 85 110 (3856)
90 86 85 10 (3044)
90 86 85 1 (3800)
90 86 76 (3896)
90 86 76 67 (3080)
90 86 76 67 34 (3080)
90 86 76 34 (3896)
90 86 67 (3976)
90 86 67 34 (3976)
90 86 63 (4304)
90 86 63 59 (3596)
90 86 63 59 36 (3192)
90 86 63 59 36 34 (3192)
90 86 63 59 34 (3596)
90 86 63 53 (3216)
90 86 63 53 34 (3216)
90 86 63 36 (3696)
90 86 63 36 34 (3696)
90 86 63 34 (4304)
90 86 59 (4544)
90 86 59 53 (3216)
90 86 59 53 34 (3216)
90 86 59 36 (3936)
90 86 59 36 34 (3936)
90 86 59 34 (4544)
90 86 59 34 2 (3080)
90 86 59 2 (3080)
90 86 56 (3656)
90 86 56 39 (3312)
90 86 56 39 36 (3312)
90 86 56 39 36 34 (3312)
90 86 56 39 34 (3312)
90 86 56 36 (3408)
90 86 56 36 34 (3408)
90 86 56 34 (3656)
90 86 53 (4608)
90 86 53 36 (3744)
90 86 53 36 34 (3744)
90 86 53 34 (4608)
90 86 39 (4784)
90 86 39 36 (4016)
90 86 39 36 34 (4016)
90 86 39 34 (4784)
90 86 39 34 2 (3200)
90 86 39 2 (3200)
90 86 36 (6272)
90 86 36 34 (6272)
90 86 36 34 24 (3296)
90 86 36 34 24 1 (3152)
90 86 36 34 110 (3664)
90 86 36 34 10 (3016)
90 86 36 34 1 (3696)
90 86 36 24 (3296)
90 86 36 24 1 (3152)
90 86 36 110 (3664)
90 86 36 10 (3016)
90 86 36 1 (3696)
90 86 34 (7288)
90 86 34 3 (3416)
90 86 34 24 (4208)
90 86 34 24 1 (3248)
90 86 34 23 (3080)
90 86 34 2 (3488)
90 86 34 116 (3104)
90 86 34 110 (3856)
90 86 34 10 (3044)
90 86 34 1 (3800)
90 86 3 (3416)
90 86 24 (4208)
90 86 24 1 (3248)
90 86 23 (3080)
90 86 2 (3488)
90 86 116 (3104)
90 86 110 (3856)
90 86 10 (3044)
90 86 1 (3800)
90 85 (7488)
90 85 76 (3896)
90 85 76 67 (3080)
90 85 76 67 34 (3080)
90 85 76 34 (3896)
90 85 67 (3976)
90 85 67 34 (3976)
90 85 63 (4496)
90 85 63 59 (3788)
90 85 63 59 36 (3384)
90 85 63 59 36 34 (3192)
90 85 63 59 34 (3596)
90 85 63 53 (3216)
90 85 63 53 34 (3216)
90 85 63 36 (3888)
90 85 63 36 34 (3696)
90 85 63 34 (4304)
90 85 63 2 (3032)
90 85 6 (3020)
90 85 59 (4736)
90 85 59 53 (3216)
90 85 59 53 34 (3216)
90 85 59 39 (3152)
90 85 59 39 2 (3008)
90 85 59 36 (4128)
90 85 59 36 34 (3936)
90 85 59 34 (4544)
90 85 59 34 2 (3080)
90 85 59 2 (3272)
90 85 56 (3656)
90 85 56 39 (3312)
90 85 56 39 36 (3312)
90 85 56 39 36 34 (3312)
90 85 56 39 34 (3312)
90 85 56 36 (3408)
90 85 56 36 34 (3408)
90 85 56 34 (3656)
90 85 53 (4608)
90 85 53 36 (3744)
90 85 53 36 34 (3744)
90 85 53 34 (4608)
90 85 39 (4976)
90 85 39 36 (4208)
90 85 39 36 34 (4016)
90 85 39 34 (4784)
90 85 39 34 2 (3200)
90 85 39 2 (3392)
90 85 36 (6464)
90 85 36 34 (6272)
90 85 36 34 24 (3296)
90 85 36 34 24 1 (3152)
90 85 36 34 110 (3664)
90 85 36 34 10 (3016)
90 85 36 34 1 (3696)
90 85 36 24 (3488)
90 85 36 24 1 (3152)
90 85 36 110 (3760)
90 85 36 10 (3016)
90 85 36 1 (3696)
90 85 34 (7296)
90 85 34 3 (3416)
90 85 34 24 (4216)
90 85 34 24 1 (3256)
90 85 34 23 (3080)
90 85 34 2 (3488)
90 85 34 116 (3104)
90 85 34 110 (3856)
90 85 34 10 (3052)
90 85 34 1 (3808)
90 85 3 (3464)
90 85 24 (4408)
90 85 24 1 (3256)
90 85 23 (3080)
90 85 2 (3680)
90 85 116 (3104)
90 85 110 (3952)
90 85 10 (3052)
90 85 1 (3808)
90 76 (3896)
90 76 67 (3080)
90 76 67 34 (3080)
90 76 34 (3896)
90 67 (3976)
90 67 34 (3976)
90 63 (4496)
90 63 59 (3788)
90 63 59 36 (3384)
90 63 59 36 34 (3192)
90 63 59 34 (3596)
90 63 53 (3216)
90 63 53 34 (3216)
90 63 36 (3888)
90 63 36 34 (3696)
90 63 34 (4304)
90 63 2 (3032)
90 6 (3020)
90 59 (4736)
90 59 53 (3216)
90 59 53 34 (3216)
90 59 39 (3152)
90 59 39 2 (3008)
90 59 36 (4128)
90 59 36 34 (3936)
90 59 34 (4544)
90 59 34 2 (3080)
90 59 2 (3272)
90 56 (3656)
90 56 39 (3312)
90 56 39 36 (3312)
90 56 39 36 34 (3312)
90 56 39 34 (3312)
90 56 36 (3408)
90 56 36 34 (3408)
90 56 34 (3656)
90 53 (4608)
90 53 36 (3744)
90 53 36 34 (3744)
90 53 34 (4608)
90 39 (4976)
90 39 36 (4208)
90 39 36 34 (4016)
90 39 34 (4784)
90 39 34 2 (3200)
90 39 2 (3392)
90 36 (6464)
90 36 34 (6272)
90 36 34 24 (3296)
90 36 34 24 1 (3152)
90 36 34 110 (3664)
90 36 34 10 (3016)
90 36 34 1 (3696)
90 36 24 (3488)
90 36 24 1 (3152)
90 36 110 (3760)
90 36 10 (3016)
90 36 1 (3696)
90 34 (7296)
90 34 3 (3416)
90 34 24 (4216)
90 34 24 1 (3256)
90 34 23 (3080)
90 34 2 (3488)
90 34 116 (3104)
90 34 110 (3856)
90 34 10 (3052)
90 34 1 (3808)
90 3 (3464)
90 24 (4408)
90 24 1 (3256)
90 23 (3080)
90 2 (3680)
90 116 (3104)
90 110 (3952)
90 10 (3052)
90 1 (3808)
86 (7924)
86 85 (7924)
86 85 76 (4384)
86 85 76 67 (3520)
86 85 76 67 34 (3520)
86 85 76 63 (3040)
86 85 76 63 34 (3040)
86 85 76 59 (3280)
86 85 76 59 34 (3280)
86 85 76 36 (3128)
86 85 76 36 34 (3128)
86 85 76 34 (4384)
86 85 67 (4464)
86 85 67 63 (3064)
86 85 67 63 34 (3064)
86 85 67 59 (3304)
86 85 67 59 34 (3304)
86 85 67 36 (3160)
86 85 67 36 34 (3160)
86 85 67 34 (4464)
86 85 63 (4744)
86 85 63 59 (3964)
86 85 63 59 36 (3488)
86 85 63 59 36 34 (3488)
86 85 63 59 34 (3964)
86 85 63 53 (3216)
86 85 63 53 34 (3216)
86 85 63 39 (3208)
86 85 63 39 34 (3208)
86 85 63 36 (3992)
86 85 63 36 34 (3992)
86 85 63 34 (4744)
86 85 63 34 23 (3040)
86 85 63 34 2 (3208)
86 85 63 23 (3040)
86 85 63 2 (3208)
86 85 6 (3102)
86 85 6 34 (3096)
86 85 59 (4984)
86 85 59 53 (3216)
86 85 59 53 34 (3216)
86 85 59 39 (3400)
86 85 59 39 34 (3400)
86 85 59 39 34 2 (3184)
86 85 59 39 2 (3184)
86 85 59 36 (4232)
86 85 59 36 34 (4232)
86 85 59 36 34 23 (3128)
86 85 59 36 23 (3128)
86 85 59 34 (4984)
86 85 59 34 23 (3232)
86 85 59 34 2 (3448)
86 85 59 23 (3232)
86 85 59 2 (3448)
86 85 56 (3776)
86 85 56 39 (3432)
86 85 56 39 36 (3432)
86 85 56 39 36 34 (3432)
86 85 56 39 34 (3432)
86 85 56 36 (3528)
86 85 56 36 34 (3528)
86 85 56 34 (3776)
86 85 53 (4608)
86 85 53 36 (3744)
86 85 53 36 34 (3744)
86 85 53 34 (4608)
86 85 52 (3316)
86 85 52 34 (3298)
86 85 39 (5420)
86 85 39 36 (4364)
86 85 39 36 34 (4346)
86 85 39 36 34 23 (3016)
86 85 39 36 23 (3016)
86 85 39 34 (5402)
86 85 39 34 28 (3096)
86 85 39 34 28 2 (3024)
86 85 39 34 23 (3016)
86 85 39 34 2 (3728)
86 85 39 28 (3096)
86 85 39 28 2 (3024)
86 85 39 23 (3016)
86 85 39 2 (3728)
86 85 36 (6620)
86 85 36 34 (6602)
86 85 36 34 24 (3330)
86 85 36 34 24 1 (3170)
86 85 36 34 23 (3272)
86 85 36 34 110 (3752)
86 85 36 34 10 (3190)
86 85 36 34 1 (3786)
86 85 36 24 (3348)
86 85 36 24 1 (3188)
86 85 36 23 (3272)
86 85 36 110 (3752)
86 85 36 10 (3208)
86 85 36 1 (3804)
86 85 34 (7906)
86 85 34 3 (3602)
86 85 34 28 (3328)
86 85 34 28 2 (3216)
86 85 34 24 (4530)
86 85 34 24 1 (3266)
86 85 34 23 (3376)
86 85 34 2 (4016)
86 85 34 116 (3130)
86 85 34 110 (3944)
86 85 34 10 (3218)
86 85 34 1 (3890)
86 85 3 (3608)
86 85 28 (3328)
86 85 28 2 (3216)
86 85 24 (4548)
86 85 24 1 (3284)
86 85 23 (3376)
86 85 2 (4016)
86 85 116 (3148)
86 85 110 (3944)
86 85 10 (3236)
86 85 1 (3908)
86 76 (4384)
86 76 67 (3520)
86 76 67 34 (3520)
86 76 63 (3040)
86 76 63 34 (3040)
86 76 59 (3280)
86 76 59 34 (3280)
86 76 36 (3128)
86 76 36 34 (3128)
86 76 34 (4384)
86 67 (4464)
86 67 63 (3064)
86 67 63 34 (3064)
86 67 59 (3304)
86 67 59 34 (3304)
86 67 36 (3160)
86 67 36 34 (3160)
86 67 34 (4464)
86 63 (4744)
86 63 59 (3964)
86 63 59 36 (3488)
86 63 59 36 34 (3488)
86 63 59 34 (3964)
86 63 53 (3216)
86 63 53 34 (3216)
86 63 39 (3208)
86 63 39 34 (3208)
86 63 36 (3992)
86 63 36 34 (3992)
86 63 34 (4744)
86 63 34 23 (3040)
86 63 34 2 (3208)
86 63 23 (3040)
86 63 2 (3208)
86 6 (3102)
86 6 34 (3096)
86 59 (4984)
86 59 53 (3216)
86 59 53 34 (3216)
86 59 39 (3400)
86 59 39 34 (3400)
86 59 39 34 2 (3184)
86 59 39 2 (3184)
86 59 36 (4232)
86 59 36 34 (4232)
86 59 36 34 23 (3128)
86 59 36 23 (3128)
86 59 34 (4984)
86 59 34 23 (3232)
86 59 34 2 (3448)
86 59 23 (3232)
86 59 2 (3448)
86 56 (3776)
86 56 39 (3432)
86 56 39 36 (3432)
86 56 39 36 34 (3432)
86 56 39 34 (3432)
86 56 36 (3528)
86 56 36 34 (3528)
86 56 34 (3776)
86 53 (4608)
86 53 36 (3744)
86 53 36 34 (3744)
86 53 34 (4608)
86 52 (3316)
86 52 34 (3298)
86 39 (5420)
86 39 36 (4364)
86 39 36 34 (4346)
86 39 36 34 23 (3016)
86 39 36 23 (3016)
86 39 34 (5402)
86 39 34 28 (3096)
86 39 34 28 2 (3024)
86 39 34 23 (3016)
86 39 34 2 (3728)
86 39 28 (3096)
86 39 28 2 (3024)
86 39 23 (3016)
86 39 2 (3728)
86 36 (6620)
86 36 34 (6602)
86 36 34 24 (3330)
86 36 34 24 1 (3170)
86 36 34 23 (3272)
86 36 34 110 (3752)
86 36 34 10 (3190)
86 36 34 1 (3786)
86 36 24 (3348)
86 36 24 1 (3188)
86 36 23 (3272)
86 36 110 (3752)
86 36 10 (3208)
86 36 1 (3804)
86 34 (7906)
86 34 3 (3602)
86 34 28 (3328)
86 34 28 2 (3216)
86 34 24 (4530)
86 34 24 1 (3266)
86 34 23 (3376)
86 34 2 (4016)
86 34 116 (3130)
86 34 110 (3944)
86 34 10 (3218)
86 34 1 (3890)
86 3 (3608)
86 28 (3328)
86 28 2 (3216)
86 24 (4548)
86 24 1 (3284)
86 23 (3376)
86 2 (4016)
86 116 (3148)
86 110 (3944)
86 10 (3236)
86 1 (3908)
85 (8124)
85 76 (4384)
85 76 67 (3520)
85 76 67 34 (3520)
85 76 63 (3040)
85 76 63 34 (3040)
85 76 59 (3280)
85 76 59 34 (3280)
85 76 36 (3128)
85 76 36 34 (3128)
85 76 34 (4384)
85 67 (4464)
85 67 63 (3064)
85 67 63 34 (3064)
85 67 59 (3304)
85 67 59 34 (3304)
85 67 36 (3160)
85 67 36 34 (3160)
85 67 34 (4464)
85 63 (4936)
85 63 59 (4156)
85 63 59 39 (3064)
85 63 59 36 (3680)
85 63 59 36 34 (3488)
85 63 59 34 (3964)
85 63 59 2 (3124)
85 63 53 (3216)
85 63 53 34 (3216)
85 63 39 (3400)
85 63 39 34 (3208)
85 63 39 2 (3184)
85 63 36 (4184)
85 63 36 34 (3992)
85 63 34 (4744)
85 63 34 23 (3040)
85 63 34 2 (3208)
85 63 23 (3040)
85 63 2 (3400)
85 6 (3152)
85 6 34 (3098)
85 59 (5176)
85 59 53 (3216)
85 59 53 34 (3216)
85 59 39 (3592)
85 59 39 36 (3064)
85 59 39 34 (3400)
85 59 39 34 2 (3184)
85 59 39 2 (3376)
85 59 36 (4424)
85 59 36 34 (4232)
85 59 36 34 23 (3128)
85 59 36 23 (3128)
85 59 34 (4984)
85 59 34 23 (3232)
85 59 34 2 (3448)
85 59 23 (3232)
85 59 2 (3640)
85 56 (3776)
85 56 39 (3432)
85 56 39 36 (3432)
85 56 39 36 34 (3432)
85 56 39 34 (3432)
85 56 36 (3528)
85 56 36 34 (3528)
85 56 34 (3776)
85 53 (4608)
85 53 36 (3744)
85 53 36 34 (3744)
85 53 34 (4608)
85 52 (3516)
85 52 36 (3068)
85 52 34 (3306)
85 39 (5612)
85 39 36 (4556)
85 39 36 34 (4346)
85 39 36 34 23 (3016)
85 39 36 23 (3016)
85 39 34 (5402)
85 39 34 28 (3096)
85 39 34 28 2 (3024)
85 39 34 23 (3016)
85 39 34 2 (3728)
85 39 28 (3288)
85 39 28 2 (3216)
85 39 23 (3016)
85 39 2 (3920)
85 36 (6812)
85 36 34 (6602)
85 36 34 24 (3330)
85 36 34 24 1 (3170)
85 36 34 23 (3272)
85 36 34 110 (3752)
85 36 34 10 (3190)
85 36 34 1 (3786)
85 36 3 (3016)
85 36 24 (3540)
85 36 24 1 (3188)
85 36 23 (3272)
85 36 2 (3008)
85 36 110 (3848)
85 36 10 (3208)
85 36 1 (3804)
85 34 (7914)
85 34 3 (3602)
85 34 28 (3336)
85 34 28 2 (3216)
85 34 24 (4538)
85 34 24 1 (3274)
85 34 23 (3376)
85 34 2 (4016)
85 34 116 (3130)
85 34 110 (3944)
85 34 10 (3226)
85 34 1 (3898)
85 3 (3656)
85 28 (3528)
85 28 2 (3408)
85 24 (4748)
85 24 1 (3292)
85 23 (3376)
85 2 (4208)
85 116 (3148)
85 110 (4040)
85 10 (3244)
85 1 (3916)
76 (4384)
76 67 (3520)
76 67 34 (3520)
76 63 (3040)
76 63 34 (3040)
76 59 (3280)
76 59 34 (3280)
76 36 (3128)
76 36 34 (3128)
76 34 (4384)
67 (4464)
67 63 (3064)
67 63 34 (3064)
67 59 (3304)
67 59 34 (3304)
67 36 (3160)
67 36 34 (3160)
67 34 (4464)
63 (4936)
63 59 (4156)
63 59 39 (3064)
63 59 36 (3680)
63 59 36 34 (3488)
63 59 34 (3964)
63 59 2 (3124)
63 53 (3216)
63 53 34 (3216)
63 39 (3400)
63 39 34 (3208)
63 39 2 (3184)
63 36 (4184)
63 36 34 (3992)
63 34 (4744)
63 34 23 (3040)
63 34 2 (3208)
63 23 (3040)
63 2 (3400)
6 (3152)
6 34 (3098)
59 (5176)
59 53 (3216)
59 53 34 (3216)
59 39 (3592)
59 39 36 (3064)
59 39 34 (3400)
59 39 34 2 (3184)
59 39 2 (3376)
59 36 (4424)
59 36 34 (4232)
59 36 34 23 (3128)
59 36 23 (3128)
59 34 (4984)
59 34 23 (3232)
59 34 2 (3448)
59 23 (3232)
59 2 (3640)
56 (3776)
56 39 (3432)
56 39 36 (3432)
56 39 36 34 (3432)
56 39 34 (3432)
56 36 (3528)
56 36 34 (3528)
56 34 (3776)
53 (4608)
53 36 (3744)
53 36 34 (3744)
53 34 (4608)
52 (3516)
52 36 (3068)
52 34 (3306)
39 (5612)
39 36 (4556)
39 36 34 (4346)
39 36 34 23 (3016)
39 36 23 (3016)
39 34 (5402)
39 34 28 (3096)
39 34 28 2 (3024)
39 34 23 (3016)
39 34 2 (3728)
39 28 (3288)
39 28 2 (3216)
39 23 (3016)
39 2 (3920)
36 (6812)
36 34 (6602)
36 34 24 (3330)
36 34 24 1 (3170)
36 34 23 (3272)
36 34 110 (3752)
36 34 10 (3190)
36 34 1 (3786)
36 3 (3016)
36 24 (3540)
36 24 1 (3188)
36 23 (3272)
36 2 (3008)
36 110 (3848)
36 10 (3208)
36 1 (3804)
34 (7914)
34 3 (3602)
34 28 (3336)
34 28 2 (3216)
34 24 (4538)
34 24 1 (3274)
34 23 (3376)
34 2 (4016)
34 116 (3130)
34 110 (3944)
34 10 (3226)
34 1 (3898)
3 (3656)
28 (3528)
28 2 (3408)
24 (4748)
24 1 (3292)
23 (3376)
2 (4208)
116 (3148)
110 (4040)
10 (3244)
1 (3916)

== Execution Statistics ==
Transactions: 8124
Minimum Frequency: 3000 
Load Time: 0.0824 seconds
Mining Time: 0.3237 seconds
Peak Memory Mb: 31.41 MB
