== Frequent Itemsets ==
9 (1372)
19 (1005)
32 (15167)
37 (1074)
39 (50675)
36 (2936)
41 (14945)
38 (15596)
48 (42135)
49 (1120)
60 (1489)
65 (4472)
79 (1600)
78 (1060)
89 (3837)
101 (2237)
110 (2794)
117 (1026)
123 (1302)
147 (1779)
161 (1010)
170 (3099)
185 (1376)
201 (1133)
225 (3257)
237 (3032)
249 (1160)
255 (1474)
270 (1734)
271 (2094)
286 (1183)
301 (1204)
310 (2594)
338 (1274)
413 (1880)
438 (1863)
475 (2167)
533 (1487)
548 (1137)
589 (1119)
592 (1227)
604 (1209)
677 (1110)
740 (1181)
824 (1210)
1004 (1102)
1146 (1426)
1327 (1786)
1393 (1161)
2238 (1715)
12925 (1467)
13041 (1051)
14098 (1291)
15832 (1143)
16010 (1316)
16217 (1166)
41 38 (3897)
39 38 (10345)
39 36 (2037)
37 38 (1046)
38 36 (2790)
39 41 (11414)
38 48 (7944)
39 48 (29142)
41 32 (3196)
39 79 (1111)
48 36 (1416)
41 48 (9018)
89 48 (2798)
39 89 (2749)
48 101 (1311)
39 101 (1400)
39 110 (1759)
110 38 (2725)
39 147 (1137)
147 48 (1036)
48 170 (1557)
39 170 (2059)
38 170 (3031)
48 32 (8034)
39 32 (8455)
38 32 (2833)
39 65 (2787)
39 237 (1929)
65 48 (2529)
39 255 (1057)
255 48 (1057)
39 225 (2351)
39 270 (1194)
39 271 (1434)
237 48 (1682)
286 38 (1116)
39 310 (1852)
413 48 (1135)
438 48 (1025)
39 438 (1260)
48 475 (1428)
39 475 (1500)
225 48 (1736)
310 48 (1692)
110 48 (1380)
271 48 (1090)
39 1327 (1156)
39 413 (1130)
39 2238 (1287)
39 38 36 (1945)
39 41 38 (3051)
39 38 48 (6102)
39 48 36 (1116)
48 38 36 (1360)
41 38 48 (2374)
39 41 48 (7366)
39 48 89 (2125)
39 38 110 (1740)
39 48 170 (1206)
39 38 170 (2019)
170 38 48 (1538)
39 41 32 (2359)
39 48 32 (5402)
41 48 32 (2063)
32 38 48 (1646)
39 38 32 (1840)
39 65 48 (1797)
39 237 48 (1244)
39 48 475 (1092)
39 225 48 (1400)
39 48 110 (1037)
110 38 48 (1361)
39 310 48 (1347)
39 41 48 38 (1991)
39 48 36 38 (1080)
39 48 38 170 (1193)
39 41 48 32 (1646)
39 48 38 32 (1236)
39 110 48 38 (1031)

== Confident Association Rules ==
38 => 39 (conf: 0.66)
36 => 39 (conf: 0.69)
37 => 38 (conf: 0.97)
36 => 38 (conf: 0.95)
41 => 39 (conf: 0.76)
48 => 39 (conf: 0.69)
79 => 39 (conf: 0.69)
41 => 48 (conf: 0.60)
89 => 48 (conf: 0.73)
89 => 39 (conf: 0.72)
101 => 39 (conf: 0.63)
110 => 39 (conf: 0.63)
110 => 38 (conf: 0.98)
147 => 39 (conf: 0.64)
170 => 39 (conf: 0.66)
170 => 38 (conf: 0.98)
65 => 39 (conf: 0.62)
237 => 39 (conf: 0.64)
255 => 39 (conf: 0.72)
255 => 48 (conf: 0.72)
225 => 39 (conf: 0.72)
270 => 39 (conf: 0.69)
271 => 39 (conf: 0.68)
286 => 38 (conf: 0.94)
310 => 39 (conf: 0.71)
413 => 48 (conf: 0.60)
438 => 39 (conf: 0.68)
475 => 48 (conf: 0.66)
475 => 39 (conf: 0.69)
310 => 48 (conf: 0.65)
1327 => 39 (conf: 0.65)
413 => 39 (conf: 0.60)
2238 => 39 (conf: 0.75)
36 => 39 38 (conf: 0.66)
39 36 => 38 (conf: 0.95)
38 36 => 39 (conf: 0.70)
41 38 => 39 (conf: 0.78)
38 48 => 39 (conf: 0.77)
48 36 => 39 (conf: 0.79)
48 36 => 38 (conf: 0.96)
41 38 => 48 (conf: 0.61)
39 41 => 48 (conf: 0.65)
41 48 => 39 (conf: 0.82)
39 89 => 48 (conf: 0.77)
48 89 => 39 (conf: 0.76)
110 => 39 38 (conf: 0.62)
39 110 => 38 (conf: 0.99)
38 110 => 39 (conf: 0.64)
48 170 => 39 (conf: 0.77)
170 => 39 38 (conf: 0.65)
39 170 => 38 (conf: 0.98)
38 170 => 39 (conf: 0.67)
170 48 => 38 (conf: 0.99)
41 32 => 39 (conf: 0.74)
39 32 => 48 (conf: 0.64)
48 32 => 39 (conf: 0.67)
41 32 => 48 (conf: 0.65)
38 32 => 39 (conf: 0.65)
39 65 => 48 (conf: 0.64)
65 48 => 39 (conf: 0.71)
39 237 => 48 (conf: 0.64)
237 48 => 39 (conf: 0.74)
39 475 => 48 (conf: 0.73)
48 475 => 39 (conf: 0.76)
225 48 => 39 (conf: 0.81)
48 110 => 39 (conf: 0.75)
110 48 => 38 (conf: 0.99)
39 310 => 48 (conf: 0.73)
310 48 => 39 (conf: 0.80)
39 41 38 => 48 (conf: 0.65)
41 48 38 => 39 (conf: 0.84)
48 36 => 39 38 (conf: 0.76)
39 48 36 => 38 (conf: 0.97)
48 36 38 => 39 (conf: 0.79)
48 170 => 39 38 (conf: 0.77)
39 48 170 => 38 (conf: 0.99)
48 38 170 => 39 (conf: 0.78)
39 41 32 => 48 (conf: 0.70)
41 48 32 => 39 (conf: 0.80)
39 38 32 => 48 (conf: 0.67)
48 38 32 => 39 (conf: 0.75)
110 48 => 39 38 (conf: 0.75)
39 110 48 => 38 (conf: 0.99)
110 48 38 => 39 (conf: 0.76)

== Execution Statistics ==
Transactions: 88162
Min Support: 1000
Load Time: 0.5373 seconds
Mining Time: 48.0398 seconds
Peak Memory Mb: 118.89 MB
Rule Gen Time: 0.0003 seconds
