== Command ==
python eclat.py Datasets/retail_vertical.dat 2000

== Frequent Itemsets ==
89 (3837)
89 48 (2798)
89 48 39 (2125)
89 39 (2749)
65 (4472)
65 48 (2529)
65 39 (2787)
48 (42135)
48 41 (9018)
48 41 39 (7366)
48 41 38 (2374)
48 41 32 (2063)
48 39 (29142)
48 39 38 (6102)
48 39 32 (5402)
48 38 (7944)
48 32 (8034)
475 (2167)
41 (14945)
41 39 (11414)
41 39 38 (3051)
41 39 32 (2359)
41 38 (3897)
41 32 (3196)
39 (50675)
39 38 (10345)
39 38 170 (2019)
39 36 (2037)
39 32 (8455)
39 225 (2351)
39 170 (2059)
38 (15596)
38 36 (2790)
38 32 (2833)
38 170 (3031)
38 110 (2725)
36 (2936)
32 (15167)
310 (2594)
271 (2094)
237 (3032)
225 (3257)
170 (3099)
110 (2794)
101 (2237)

== Execution Statistics ==
Transactions: 88162
Minimum Frequency: 2000 
Load Time: 0.8400 seconds
Mining Time: 0.0306 seconds
Peak Memory Mb: 102.66 MB
