== Command ==
python eclat.py Datasets/retail_vertical.dat 1500

== Frequent Itemsets ==
89 (3837)
89 48 (2798)
89 48 39 (2125)
89 39 (2749)
79 (1600)
65 (4472)
65 48 (2529)
65 48 39 (1797)
65 39 (2787)
48 (42135)
48 41 (9018)
48 41 39 (7366)
48 41 39 38 (1991)
48 41 39 32 (1646)
48 41 38 (2374)
48 41 32 (2063)
48 39 (29142)
48 39 38 (6102)
48 39 32 (5402)
48 38 (7944)
48 38 32 (1646)
48 38 170 (1538)
48 32 (8034)
48 310 (1692)
48 237 (1682)
48 225 (1736)
48 170 (1557)
475 (2167)
475 39 (1500)
438 (1863)
413 (1880)
41 (14945)
41 39 (11414)
41 39 38 (3051)
41 39 32 (2359)
41 38 (3897)
41 32 (3196)
39 (50675)
39 38 (10345)
39 38 36 (1945)
39 38 32 (1840)
39 38 170 (2019)
39 38 110 (1740)
39 36 (2037)
39 32 (8455)
39 310 (1852)
39 237 (1929)
39 225 (2351)
39 170 (2059)
39 110 (1759)
38 (15596)
38 36 (2790)
38 32 (2833)
38 170 (3031)
38 110 (2725)
36 (2936)
32 (15167)
310 (2594)
271 (2094)
270 (1734)
237 (3032)
225 (3257)
2238 (1715)
170 (3099)
147 (1779)
1327 (1786)
110 (2794)
101 (2237)

== Execution Statistics ==
Transactions: 88162
Minimum Frequency: 1500 
Load Time: 0.5513 seconds
Mining Time: 0.0287 seconds
Peak Memory Mb: 103.17 MB
