== Frequent Itemsets ==
89 (3837)
65 (4472)
48 (42135)
48 41 (9018)
48 41 38 (3448)
48 41 32 (3047)
48 39 (29142)
48 39 38 (27300)
48 39 38 32 (25868)
48 39 32 (26510)
48 38 (7944)
48 32 (8034)
41 (14945)
41 39 (11414)
41 39 38 (10568)
41 39 38 32 (9905)
41 39 32 (10577)
41 38 (3897)
41 32 (3196)
39 (50675)
39 38 (10345)
39 38 32 (3730)
39 32 (8455)
38 (15596)
38 170 (3031)
32 (15167)
237 (3032)
225 (3257)
170 (3099)

== Execution Statistics ==
Transactions: 88162
Min Support: 3000
Load Time: 0.9058 seconds
Mining Time: 0.1043 seconds
Peak Memory Mb: 123.06 MB
