== Command ==
python eclat.py Datasets/retail_vertical.dat 500

== Frequent Itemsets ==
976 (817)
961 (540)
956 (911)
956 48 (540)
956 39 (600)
947 (591)
94 (516)
916 (543)
913 (543)
910 (519)
9 (1372)
9 48 (790)
9 48 39 (546)
9 39 (832)
8978 (606)
89 (3837)
89 48 (2798)
89 48 41 (606)
89 48 41 39 (522)
89 48 39 (2125)
89 48 38 (578)
89 48 32 (573)
89 41 (732)
89 41 39 (619)
89 39 (2749)
89 39 38 (589)
89 39 32 (532)
89 38 (764)
89 32 (713)
885 (576)
878 (570)
865 (632)
855 (519)
846 (595)
824 (1210)
824 48 (701)
824 39 (703)
812 (821)
809 (626)
806 (741)
798 (503)
790 (523)
790 38 (508)
79 (1600)
79 48 (893)
79 48 39 (699)
79 39 (1111)
789 (648)
783 (965)
783 48 (583)
783 39 (640)
78 (1060)
78 48 (824)
78 48 39 (610)
78 39 (774)
772 (752)
766 (797)
76 (869)
76 39 (529)
740 (1181)
740 48 (520)
740 39 (759)
704 (526)
703 (806)
681 (704)
677 (1110)
677 48 (666)
677 39 (635)
675 (601)
664 (752)
65 (4472)
65 48 (2529)
65 48 41 (663)
65 48 41 39 (547)
65 48 39 (1797)
65 41 (995)
65 41 39 (792)
65 39 (2787)
65 39 32 (512)
65 38 (643)
65 32 (774)
649 (857)
649 39 (531)
623 (525)
62 (543)
604 (1209)
604 48 (687)
604 48 39 (520)
604 39 (775)
60 (1489)
60 48 (815)
60 48 39 (609)
60 39 (983)
592 (1227)
592 48 (743)
592 48 39 (515)
592 39 (723)
589 (1119)
589 48 (628)
589 39 (708)
581 (574)
571 (513)
570 (792)
570 48 (514)
570 39 (558)
56 (535)
56 38 (514)
55 (704)
55 38 (657)
549 (843)
549 48 (513)
548 (1137)
548 48 (658)
548 39 (663)
544 (851)
544 48 (504)
544 39 (524)
535 (718)
533 (1487)
533 48 (861)
533 48 39 (632)
533 39 (922)
53 (509)
522 (974)
522 48 (582)
522 39 (648)
52 (501)
49 (1120)
49 48 (843)
49 48 39 (617)
49 39 (768)
4883 (521)
488 (720)
48 (42135)
48 479 (513)
48 475 (1428)
48 475 39 (1092)
48 438 (1025)
48 438 39 (780)
48 413 (1135)
48 413 39 (781)
48 41 (9018)
48 41 39 (7366)
48 41 39 38 (1991)
48 41 39 32 (1646)
48 41 38 (2374)
48 41 38 32 (540)
48 41 32 (2063)
48 41 310 (547)
48 41 225 (537)
48 405 (525)
48 39 (29142)
48 39 38 (6102)
48 39 38 36 (1080)
48 39 38 32 (1236)
48 39 38 170 (1193)
48 39 38 110 (1031)
48 39 36 (1116)
48 39 338 (516)
48 39 32 (5402)
48 39 310 (1347)
48 39 2958 (570)
48 39 271 (827)
48 39 270 (733)
48 39 255 (813)
48 39 249 (510)
48 39 237 (1244)
48 39 225 (1400)
48 39 2238 (788)
48 39 185 (555)
48 39 170 (1206)
48 39 16010 (529)
48 39 147 (742)
48 39 14098 (540)
48 39 1393 (507)
48 39 1327 (720)
48 39 12925 (588)
48 39 123 (509)
48 39 1146 (623)
48 39 110 (1037)
48 39 101 (946)
48 38 (7944)
48 38 37 (557)
48 38 36 (1360)
48 38 32 (1646)
48 38 286 (581)
48 38 170 (1538)
48 38 110 (1361)
48 37 (565)
48 36 (1416)
48 338 (779)
48 3270 (592)
48 32 (8034)
48 310 (1692)
48 301 (658)
48 2958 (779)
48 286 (591)
48 271 (1090)
48 270 (957)
48 264 (534)
48 258 (643)
48 255 (1057)
48 249 (675)
48 237 (1682)
48 229 (545)
48 225 (1736)
48 2238 (955)
48 201 (674)
48 19 (591)
48 185 (816)
48 179 (624)
48 170 (1557)
48 16217 (647)
48 161 (517)
48 16010 (730)
48 15832 (585)
48 147 (1036)
48 14098 (698)
48 1393 (669)
48 1327 (968)
48 13041 (602)
48 12925 (817)
48 123 (797)
48 117 (601)
48 1146 (811)
48 1135 (541)
48 110 (1380)
48 10515 (524)
48 101 (1311)
48 1004 (614)
479 (926)
479 39 (580)
475 (2167)
475 41 (570)
475 39 (1500)
464 (695)
45 (911)
45 39 (559)
449 (690)
441 (609)
438 (1863)
438 39 (1260)
4336 (589)
426 (508)
425 (606)
420 (600)
413 (1880)
413 39 (1130)
41 (14945)
41 39 (11414)
41 39 38 (3051)
41 39 38 36 (553)
41 39 38 32 (622)
41 39 38 170 (615)
41 39 38 110 (511)
41 39 36 (572)
41 39 32 (2359)
41 39 310 (625)
41 39 225 (726)
41 39 170 (624)
41 39 110 (515)
41 38 (3897)
41 38 36 (671)
41 38 32 (805)
41 38 170 (794)
41 38 110 (666)
41 36 (700)
41 32 (3196)
41 310 (719)
41 271 (584)
41 270 (508)
41 237 (597)
41 225 (877)
41 2238 (570)
41 170 (805)
41 1146 (501)
41 110 (677)
407 (693)
405 (879)
405 39 (500)
398 (515)
396 (674)
39 (50675)
39 389 (544)
39 38 (10345)
39 38 371 (526)
39 38 37 (684)
39 38 36 (1945)
39 38 32 (1840)
39 38 286 (728)
39 38 237 (512)
39 38 225 (535)
39 38 170 (2019)
39 38 110 (1740)
39 371 (532)
39 37 (707)
39 36 (2037)
39 338 (742)
39 334 (506)
39 3270 (576)
39 32 (8455)
39 310 (1852)
39 31 (538)
39 301 (715)
39 2958 (655)
39 286 (750)
39 271 (1434)
39 270 (1194)
39 264 (599)
39 258 (628)
39 255 (1057)
39 249 (752)
39 242 (564)
39 237 (1929)
39 23 (512)
39 229 (503)
39 225 (2351)
39 2238 (1287)
39 201 (669)
39 19 (592)
39 185 (828)
39 18 (540)
39 179 (653)
39 175 (631)
39 170 (2059)
39 16217 (728)
39 161 (622)
39 16010 (829)
39 15832 (718)
39 1578 (576)
39 156 (582)
39 147 (1137)
39 14098 (801)
39 1393 (789)
39 1327 (1156)
39 13041 (688)
39 12925 (938)
39 123 (726)
39 117 (554)
39 1146 (983)
39 110 (1759)
39 10515 (528)
39 103 (512)
39 101 (1400)
39 1004 (583)
389 (831)
38 (15596)
38 371 (767)
38 37 (1046)
38 36 (2790)
38 32 (2833)
38 32 170 (532)
38 286 (1116)
38 237 (683)
38 225 (681)
38 170 (3031)
38 110 (2725)
38 105 (643)
379 (677)
374 (584)
371 (782)
37 (1074)
3616 (654)
36 (2936)
340 (643)
338 (1274)
334 (774)
3270 (950)
32 (15167)
32 310 (541)
32 237 (568)
32 225 (655)
32 170 (540)
310 (2594)
31 (920)
301 (1204)
30 (540)
297 (525)
2958 (904)
286 (1183)
279 (633)
272 (650)
271 (2094)
271 270 (680)
270 (1734)
269 (701)
267 (584)
264 (895)
261 (523)
260 (691)
259 (684)
258 (987)
255 (1474)
251 (621)
249 (1160)
2437 (571)
242 (911)
2383 (569)
237 (3032)
23 (758)
229 (820)
2284 (508)
225 (3257)
2238 (1715)
2199 (597)
2118 (525)
209 (611)
208 (529)
2046 (625)
201 (1133)
2 (549)
1986 (614)
19 (1005)
1872 (572)
186 (660)
185 (1376)
1814 (688)
18 (860)
179 (998)
1783 (600)
175 (970)
1715 (590)
1714 (507)
170 (3099)
1693 (524)
16217 (1166)
161 (1010)
16011 (669)
16011 16010 (651)
16010 (1316)
1600 (801)
15832 (1143)
1578 (874)
15618 (614)
156 (830)
155 (546)
150 (597)
147 (1779)
1435 (765)
1417 (536)
14098 (1291)
1393 (1161)
1355 (512)
1344 (753)
1327 (1786)
13041 (1051)
12946 (535)
12929 (742)
12925 (1467)
1239 (569)
123 (1302)
1198 (660)
117 (1026)
1146 (1426)
1144 (599)
1135 (667)
110 (2794)
11 (711)
107 (765)
1067 (584)
10515 (882)
105 (657)
10446 (618)
1043 (551)
103 (812)
101 (2237)
1004 (1102)
10 (712)

== Execution Statistics ==
Transactions: 88162
Minimum Frequency: 500 
Load Time: 0.8320 seconds
Mining Time: 0.5074 seconds
Peak Memory Mb: 105.26 MB
