== Frequent Itemsets ==
32 (15167)
36 (2936)
39 (50675)
41 (14945)
38 (15596)
48 (42135)
65 (4472)
79 (1600)
101 (2237)
89 (3837)
110 (2794)
147 (1779)
170 (3099)
225 (3257)
237 (3032)
270 (1734)
271 (2094)
310 (2594)
413 (1880)
438 (1863)
475 (2167)
1327 (1786)
2238 (1715)
36 38 (2790)
41 38 (3897)
39 41 (11414)
36 39 (2037)
39 38 (10345)
39 48 (29142)
38 48 (7944)
32 41 (3196)
41 48 (9018)
89 39 (2749)
89 48 (2798)
110 39 (1759)
110 38 (2725)
39 170 (2059)
170 48 (1557)
170 38 (3031)
32 48 (8034)
32 39 (8455)
32 38 (2833)
39 65 (2787)
39 237 (1929)
65 48 (2529)
39 225 (2351)
237 48 (1682)
310 39 (1852)
39 475 (1500)
225 48 (1736)
310 48 (1692)
39 41 38 (3051)
36 39 38 (1945)
39 38 48 (6102)
39 41 48 (7366)
41 38 48 (2374)
89 39 48 (2125)
110 39 38 (1740)
39 170 38 (2019)
170 38 48 (1538)
32 41 48 (2063)
32 39 48 (5402)
32 39 41 (2359)
32 38 48 (1646)
32 39 38 (1840)
65 39 48 (1797)
39 41 38 48 (1991)
32 39 41 48 (1646)

== Confident Association Rules ==
36 => 38 (conf: 0.95)
41 => 39 (conf: 0.76)
36 => 39 (conf: 0.69)
38 => 39 (conf: 0.66)
48 => 39 (conf: 0.69)
41 => 48 (conf: 0.60)
89 => 39 (conf: 0.72)
89 => 48 (conf: 0.73)
110 => 39 (conf: 0.63)
110 => 38 (conf: 0.98)
170 => 39 (conf: 0.66)
170 => 38 (conf: 0.98)
65 => 39 (conf: 0.62)
237 => 39 (conf: 0.64)
225 => 39 (conf: 0.72)
310 => 39 (conf: 0.71)
475 => 39 (conf: 0.69)
310 => 48 (conf: 0.65)
41 38 => 39 (conf: 0.78)
36 => 39 38 (conf: 0.66)
36 39 => 38 (conf: 0.95)
36 38 => 39 (conf: 0.70)
38 48 => 39 (conf: 0.77)
39 41 => 48 (conf: 0.65)
41 48 => 39 (conf: 0.82)
41 38 => 48 (conf: 0.61)
89 39 => 48 (conf: 0.77)
89 48 => 39 (conf: 0.76)
110 => 39 38 (conf: 0.62)
110 39 => 38 (conf: 0.99)
110 38 => 39 (conf: 0.64)
170 => 39 38 (conf: 0.65)
39 170 => 38 (conf: 0.98)
170 38 => 39 (conf: 0.67)
170 48 => 38 (conf: 0.99)
32 41 => 48 (conf: 0.65)
32 39 => 48 (conf: 0.64)
32 48 => 39 (conf: 0.67)
32 41 => 39 (conf: 0.74)
32 38 => 39 (conf: 0.65)
65 39 => 48 (conf: 0.64)
65 48 => 39 (conf: 0.71)
39 41 38 => 48 (conf: 0.65)
41 38 48 => 39 (conf: 0.84)
32 39 41 => 48 (conf: 0.70)
32 41 48 => 39 (conf: 0.80)

== Execution Statistics ==
Transactions: 88162
Min Support: 1500
Load Time: 0.5510 seconds
Mining Time: 9.6315 seconds
Peak Memory Mb: 118.41 MB
Rule Gen Time: 0.0002 seconds
