== Frequent Itemsets ==
32 (15167)
38 (15596)
36 (2936)
39 (50675)
41 (14945)
48 (42135)
65 (4472)
101 (2237)
89 (3837)
110 (2794)
170 (3099)
225 (3257)
237 (3032)
271 (2094)
310 (2594)
475 (2167)
38 36 (2790)
38 39 (10345)
38 41 (3897)
41 39 (11414)
36 39 (2037)
38 48 (7944)
48 39 (29142)
32 41 (3196)
48 41 (9018)
48 89 (2798)
89 39 (2749)
38 110 (2725)
170 39 (2059)
38 170 (3031)
32 39 (8455)
48 32 (8034)
38 32 (2833)
65 39 (2787)
48 65 (2529)
225 39 (2351)
38 41 39 (3051)
38 48 39 (6102)
38 48 41 (2374)
48 41 39 (7366)
48 89 39 (2125)
38 170 39 (2019)
48 32 39 (5402)
32 41 39 (2359)
48 32 41 (2063)

== Confident Association Rules ==
36 => 38 (conf: 0.95)
38 => 39 (conf: 0.66)
41 => 39 (conf: 0.76)
36 => 39 (conf: 0.69)
48 => 39 (conf: 0.69)
41 => 48 (conf: 0.60)
89 => 48 (conf: 0.73)
89 => 39 (conf: 0.72)
110 => 38 (conf: 0.98)
170 => 39 (conf: 0.66)
170 => 38 (conf: 0.98)
65 => 39 (conf: 0.62)
225 => 39 (conf: 0.72)
38 41 => 39 (conf: 0.78)
38 48 => 39 (conf: 0.77)
38 41 => 48 (conf: 0.61)
48 41 => 39 (conf: 0.82)
41 39 => 48 (conf: 0.65)
48 89 => 39 (conf: 0.76)
89 39 => 48 (conf: 0.77)
170 => 38 39 (conf: 0.65)
38 170 => 39 (conf: 0.67)
170 39 => 38 (conf: 0.98)
48 32 => 39 (conf: 0.67)
32 39 => 48 (conf: 0.64)
32 41 => 39 (conf: 0.74)
32 41 => 48 (conf: 0.65)

== Execution Statistics ==
Transactions: 88162
Min Support: 2000
Load Time: 0.9078 seconds
Mining Time: 8.2401 seconds
Peak Memory Mb: 118.38 MB
Rule Gen Time: 0.0001 seconds
