== Command ==
python dEclat.py Datasets/retail_vertical.dat 1000

== Frequent Itemsets ==
9 (1372)
89 (3837)
89 48 (2798)
89 48 39 (2125)
89 39 (2749)
824 (1210)
79 (1600)
79 39 (1111)
78 (1060)
740 (1181)
677 (1110)
65 (4472)
65 48 (2529)
65 48 39 (1797)
65 39 (2787)
604 (1209)
60 (1489)
592 (1227)
589 (1119)
548 (1137)
533 (1487)
49 (1120)
48 (42135)
48 475 (1428)
48 475 39 (1092)
48 438 (1025)
48 413 (1135)
48 41 (9018)
48 41 39 (7366)
48 41 39 38 (1991)
48 41 39 32 (1646)
48 41 38 (2374)
48 41 32 (2063)
48 39 (29142)
48 39 38 (6102)
48 39 38 36 (1080)
48 39 38 32 (1236)
48 39 38 170 (1193)
48 39 38 110 (1031)
48 39 36 (1116)
48 39 32 (5402)
48 39 310 (1347)
48 39 237 (1244)
48 39 225 (1400)
48 39 170 (1206)
48 39 110 (1037)
48 38 (7944)
48 38 36 (1360)
48 38 32 (1646)
48 38 170 (1538)
48 38 110 (1361)
48 36 (1416)
48 32 (8034)
48 310 (1692)
48 271 (1090)
48 255 (1057)
48 237 (1682)
48 225 (1736)
48 170 (1557)
48 147 (1036)
48 110 (1380)
48 101 (1311)
475 (2167)
475 39 (1500)
438 (1863)
438 39 (1260)
413 (1880)
413 39 (1130)
41 (14945)
41 39 (11414)
41 39 38 (3051)
41 39 32 (2359)
41 38 (3897)
41 32 (3196)
39 (50675)
39 38 (10345)
39 38 36 (1945)
39 38 32 (1840)
39 38 170 (2019)
39 38 110 (1740)
39 36 (2037)
39 32 (8455)
39 310 (1852)
39 271 (1434)
39 270 (1194)
39 255 (1057)
39 237 (1929)
39 225 (2351)
39 2238 (1287)
39 170 (2059)
39 147 (1137)
39 1327 (1156)
39 110 (1759)
39 101 (1400)
38 (15596)
38 37 (1046)
38 36 (2790)
38 32 (2833)
38 286 (1116)
38 170 (3031)
38 110 (2725)
37 (1074)
36 (2936)
338 (1274)
32 (15167)
310 (2594)
301 (1204)
286 (1183)
271 (2094)
270 (1734)
255 (1474)
249 (1160)
237 (3032)
225 (3257)
2238 (1715)
201 (1133)
19 (1005)
185 (1376)
170 (3099)
16217 (1166)
161 (1010)
16010 (1316)
15832 (1143)
147 (1779)
14098 (1291)
1393 (1161)
1327 (1786)
13041 (1051)
12925 (1467)
123 (1302)
117 (1026)
1146 (1426)
110 (2794)
101 (2237)
1004 (1102)

== Execution Statistics ==
Transactions: 88162
Min Support: 1000
Load Time: 0.5199 seconds
Mining Time: 2.4923 seconds
Peak Memory Mb: 326.83 MB
