== Frequent Itemsets ==
89 (3837)
89 48 (2798)
89 48 39 (2174)
89 39 (2749)
65 (4472)
65 48 (2529)
65 39 (2787)
48 (42135)
48 41 (9018)
48 41 38 (3448)
48 41 32 (3047)
48 39 (29142)
48 39 38 (27300)
48 39 38 32 (25868)
48 39 32 (26510)
48 38 (7944)
48 32 (8034)
475 (2167)
41 (14945)
41 39 (11414)
41 39 38 (10568)
41 39 38 32 (9905)
41 39 32 (10577)
41 38 (3897)
41 32 (3196)
39 (50675)
39 38 (10345)
39 38 36 (10253)
39 38 36 32 (10177)
39 38 36 32 225 (10173)
39 38 36 32 225 170 (10169)
39 38 36 32 170 (10175)
39 38 36 225 (10167)
39 38 36 225 170 (10164)
39 38 36 170 (10164)
39 38 32 (3730)
39 38 225 (8529)
39 38 225 170 (6713)
39 38 170 (10305)
39 36 (2037)
39 32 (8455)
39 32 225 (6570)
39 32 225 170 (4766)
39 32 170 (6728)
39 225 (2351)
39 170 (2059)
38 (15596)
38 36 (2790)
38 32 (2833)
38 170 (3031)
38 110 (2725)
36 (2936)
32 (15167)
310 (2594)
271 (2094)
237 (3032)
225 (3257)
170 (3099)
110 (2794)
101 (2237)

== Execution Statistics ==
Transactions: 88162
Min Support: 2000
Load Time: 0.8448 seconds
Mining Time: 0.2336 seconds
Peak Memory Mb: 125.81 MB
